16.0
5.6
4.6
3.7
2.2
1.2
0.8
1.5
0.5
5.7
6.9
9.9
12.8
14.1
14.2
15.0
15.1
14.7
12.6
11.1
10.7
9.8
7.6
6.2
4.0
3.0
4.0
4.0
5.0
4.0
4.0
6.0
6.0
12.0
15.0
17.0
18.0
19.0
21.0
20.0
21.0
20.0
19.0
16.0
14.0
12.0
12.0
11.0
9.0
8.0
10.0
10.0
10.0
9.0
8.0
10.0
12.0
14.0
17.0
20.0
22.0
23.0
23.0
24.0
23.0
21.0
17.0
15.0
13.0
13.0
11.0
9.0
10.0
11.0
9.0
8.0
9.0
9.0
7.0
7.0
8.0
10.0
13.0
18.0
20.0
23.0
25.0
25.0
24.0
23.0
19.0
19.0
15.0
12.0
10.0
10.0
10.0
9.0
9.0
9.0
9.0
10.0
8.0
9.0
10.0
14.0
16.0
19.0
22.0
23.0
24.0
24.0
24.0
24.0
20.0
16.0
14.0
13.0
13.0
12.0
11.0
11.0
10.0
10.0
11.0
13.0
10.0
12.0
12.0
15.0
20.0
21.0
22.2
23.0
24.0
23.0
22.0
21.0
20.0
20.0
19.0
19.0
18.0
16.0
16.0
15.0
15.0
14.0
14.0
14.0
14.0
15.0
12.0
15.0
16.0
20.0
21.0
21.0
22.0
23.0
22.0
22.0
19.0
19.0
19.0
18.0
18.0
18.0
17.0
18.0
18.0
18.0
17.0
17.0
16.0
17.0
17.0
18.0
19.0
19.0
21.0
22.0
21.0
17.0
18.0
18.0
17.0
16.0
15.0
15.0
13.0
13.0
12.0
12.0
11.0
10.0
10.0
9.0
10.0
9.0
9.0
12.0
14.0
16.0
17.0
17.0
18.0
18.0
18.0
18.0
17.0
16.0
14.0
11.0
11.0
9.0
8.0
8.0
8.0
7.0
7.0
8.0
8.0
7.0
8.0
10.0
13.0
18.0
18.0
20.0
21.0
21.0
21.0
21.0
17.0
16.0
15.0
14.0
11.0
11.0
9.0
8.0
7.0
8.0
8.0
7.0
7.0
8.0
8.0
11.0
13.0
15.0
16.0
18.0
18.0
20.0
19.0
18.0
16.0
14.0
14.0
13.0
11.0
10.0
9.0
9.0
8.0
6.0
6.0
6.0
6.0
5.0
6.0
10.0
14.0
16.0
17.0
18.0
19.0
20.0
20.0
19.0
16.0
15.0
14.0
12.0
10.0
9.0
9.0
8.0
7.0
6.0
7.0
7.0
7.0
6.0
7.0
9.0
14.0
18.0
19.0
21.0
23.0
23.0
23.0
22.0
19.0
17.0
15.0
12.0
11.0
10.0
9.0
9.0
9.0
8.0
8.0
8.0
10.0
9.0
12.0
14.0
16.0
21.0
23.0
26.0
27.0
27.0
27.0
25.0
21.0
18.0
17.0
15.0
13.0
12.0
11.0
9.0
11.0
10.0
9.0
9.0
8.0
8.0
7.0
12.0
16.0
17.0
20.0
21.0
23.0
23.0
23.0
22.0
18.0
18.0
16.0
14.0
12.0
10.0
9.0
9.0
7.0
7.0
8.0
9.0
7.0
8.0
8.0
15.0
19.0
22.0
24.0
24.0
24.0
24.0
24.0
24.0
21.0
17.0
18.0
14.0
14.3
15.0
15.0
15.0
14.0
15.0
13.0
11.0
12.0
13.0
12.0
15.0
18.0
21.0
23.0
24.0
24.0
25.0
25.0
24.0
20.0
18.0
17.0
14.0
13.0
11.0
10.0
10.0
11.0
8.0
11.0
9.0
10.0
11.0
12.0
15.0
18.0
20.0
22.0
23.0
24.0
25.0
25.0
24.0
21.0
18.0
16.0
14.0
12.0
11.0
11.0
10.0
10.0
9.0
9.0
9.0
9.0
9.0
11.0
13.0
17.0
21.0
22.0
24.0
25.0
25.0
25.0
23.0
21.0
19.9
19.0
17.0
15.0
13.0
13.0
12.4
11.3
10.1
10.0
9.4
9.3
9.1
10.0
12.9
15.8
18.6
19.5
20.9
21.8
21.6
21.5
20.4
18.3
17.1
15.5
14.4
13.3
11.1
11.0
11.0
9.0
8.0
8.0
7.0
7.0
7.0
7.0
11.0
13.0
15.0
16.0
17.0
18.0
18.0
18.0
18.0
16.0
15.0
13.0
13.0
13.0
11.0
11.0
9.0
7.0
7.0
8.0
8.0
6.0
6.0
7.0
10.0
14.0
16.0
17.0
18.0
19.0
19.0
20.0
20.0
17.0
16.0
15.0
14.0
11.0
10.0
9.0
9.0
8.0
10.0
7.0
6.0
8.0
10.0
11.0
15.0
19.0
20.0
21.0
22.0
22.0
21.0
21.0
20.0
18.0
17.0
15.0
13.0
14.0
14.0
14.0
14.0
14.0
15.0
12.0
13.0
14.0
12.0
12.0
15.0
20.0
21.0
23.0
24.0
25.0
26.0
25.0
24.0
21.0
19.0
19.0
16.0
13.0
12.0
11.0
10.0
10.0
10.0
9.0
9.0
9.0
10.0
10.0
13.0
18.0
19.0
20.0
21.0
22.0
23.0
23.0
22.0
20.0
18.0
17.0
15.0
13.0
11.0
10.0
10.0
8.0
9.0
8.0
7.0
8.0
7.0
10.0
12.0
18.0
20.0
22.0
23.0
24.0
24.0
25.0
25.0
22.0
19.0
17.0
14.0
13.0
14.0
15.0
15.0
14.0
15.0
15.0
15.0
13.0
12.0
11.0
16.0
20.0
22.0
24.0
25.0
27.0
27.0
27.0
26.0
23.0
21.0
19.0
17.0
12.0
11.0
11.0
9.0
9.0
10.0
10.0
7.0
8.0
8.0
12.0
15.0
18.0
20.0
22.0
23.0
24.0
24.0
24.0
24.0
21.0
19.0
16.0
14.0
12.0
11.0
11.0
9.0
9.0
8.0
8.0
8.0
9.0
9.0
12.0
14.0
17.0
20.0
22.0
24.0
24.0
24.0
25.0
24.0
21.0
19.0
17.0
16.0
13.0
11.0
10.0
9.0
9.0
8.0
8.0
8.0
7.0
7.0
10.0
13.0
15.0
20.0
21.0
22.0
24.0
25.0
25.0
24.0
22.0
20.0
19.0
16.0
13.0
12.0
10.0
10.0
11.0
9.0
10.0
10.0
10.0
8.0
10.0
13.0
15.0
18.0
23.0
26.0
28.0
28.0
29.0
29.0
25.0
24.0
18.0
16.0
14.7
13.4
12.1
10.9
9.6
8.3
7.0
5.0
5.0
5.0
5.0
9.0
11.0
13.0
14.0
15.0
16.0
15.0
16.0
15.0
14.0
13.0
12.0
11.0
10.0
8.0
9.0
9.0
8.0
7.0
5.0
6.0
8.0
5.0
8.0
10.0
11.0
12.0
13.0
14.0
14.0
15.0
15.0
13.0
12.0
11.0
10.0
10.0
10.0
10.0
8.0
8.0
8.0
7.0
7.0
7.0
7.0
6.0
7.0
10.0
12.0
14.0
15.0
15.0
16.0
17.0
17.0
16.0
15.0
14.0
13.0
12.0
12.0
11.0
11.0
12.0
11.0
11.0
10.0
9.0
7.0
8.0
7.0
9.0
12.0
13.0
14.0
14.0
14.0
13.0
15.0
13.0
11.0
10.0
9.0
10.0
9.0
9.0
9.0
8.0
9.0
9.0
8.0
8.0
8.0
7.0
8.0
10.0
12.0
13.0
14.0
15.0
15.0
15.0
16.0
15.0
14.0
13.0
12.0
11.0
10.0
9.0
10.0
9.0
9.0
9.0
9.0
9.0
9.0
9.0
9.0
11.0
13.0
14.0
15.0
15.0
18.0
17.0
16.0
16.0
15.0
14.0
13.0
13.0
12.0
10.0
10.0
9.0
10.0
9.0
10.0
9.0
9.0
9.0
9.0
12.0
14.0
14.0
16.0
16.0
18.0
16.0
16.0
16.0
15.0
13.0
12.0
11.0
10.0
10.0
9.0
8.0
8.0
7.0
6.0
6.0
5.0
6.0
7.0
10.0
11.0
13.0
14.0
15.0
16.0
16.0
16.0
16.0
14.0
13.0
13.0
12.0
11.0
9.0
8.0
8.0
7.0
6.0
5.0
5.0
5.0
6.0
7.0
8.0
11.0
14.0
18.0
19.0
20.0
21.0
21.0
20.0
19.0
17.0
17.0
16.0
16.0
14.0
15.0
15.0
15.0
15.0
16.0
15.0
16.0
16.0
17.0
17.0
17.0
17.0
17.0
15.0
16.0
15.0
15.0
14.0
14.0
13.0
13.0
13.0
13.0
13.0
13.0
14.0
15.0
14.0
14.0
15.0
14.0
14.0
15.0
14.0
13.0
14.0
15.0
15.0
15.0
15.0
15.0
14.0
14.0
14.0
14.0
14.0
13.0
13.0
12.0
12.0
12.0
12.0
12.0
12.0
12.0
12.0
12.0
12.0
14.0
14.0
15.0
15.0
15.0
15.0
14.0
14.0
13.0
12.0
12.0
11.0
11.0
11.0
11.0
11.0
11.0
10.0
9.0
8.0
8.0
8.0
10.0
11.0
13.0
14.0
14.0
15.0
16.0
17.0
17.0
17.0
15.0
13.0
12.5
12.0
10.0
9.0
9.0
9.0
9.0
9.0
8.0
8.0
8.0
7.0
9.0
11.0
14.0
16.0
17.0
18.0
19.0
18.0
18.0
18.0
16.0
15.0
15.0
14.0
14.0
12.0
11.0
11.0
11.0
11.0
10.0
11.0
10.0
11.0
12.0
13.0
16.0
17.0
18.0
19.0
19.0
20.0
19.0
18.0
17.0
16.0
16.0
15.0
15.0
15.0
14.0
14.0
15.0
14.0
14.0
13.0
11.0
11.0
12.0
13.0
13.0
17.0
17.0
19.0
20.0
20.0
20.0
18.0
17.0
16.0
15.0
14.0
13.0
13.0
13.0
13.0
13.0
12.0
12.0
11.0
12.0
12.0
12.0
13.0
16.0
17.0
18.0
20.0
20.0
20.0
19.0
19.0
18.0
16.0
14.0
14.0
13.0
13.0
13.0
13.0
13.0
12.0
13.0
13.0
12.0
12.0
12.0
12.0
12.0
18.0
20.0
21.0
22.0
22.0
22.0
20.0
16.0
15.0
15.0
14.0
13.0
12.0
14.0
13.0
13.0
13.0
13.0
13.0
13.0
12.0
13.0
14.0
12.0
12.0
12.0
12.0
13.0
13.0
14.0
14.0
14.0
13.0
13.0
11.0
10.0
10.0
12.0
12.0
11.0
11.0
11.0
11.0
11.0
11.0
11.0
12.0
14.0
16.0
17.0
17.0
17.0
18.0
18.0
17.0
15.0
14.0
13.0
13.0
12.0
11.0
10.0
9.0
10.0
9.0
10.0
9.0
10.0
9.0
9.0
11.0
14.0
16.0
17.0
18.0
20.0
21.0
21.0
19.0
18.0
17.0
16.0
15.0
14.0
14.0
13.0
14.0
13.0
11.0
11.0
11.0
9.0
10.0
12.0
14.0
16.0
17.0
17.0
18.0
21.0
21.0
21.0
20.0
18.0
17.0
15.0
13.0
13.0
13.0
12.0
11.0
10.0
10.0
10.0
9.0
8.0
8.0
9.0
13.0
14.0
16.0
15.0
17.0
18.0
18.0
17.0
17.0
15.0
14.0
12.0
11.0
11.0
11.0
10.0
9.0
9.0
8.0
9.0
8.0
7.0
7.0
8.0
10.0
11.0
11.0
13.0
14.0
15.0
16.0
15.0
14.0
14.0
13.0
11.0
10.0
10.0
10.0
9.0
8.0
8.0
7.0
6.0
7.0
6.0
6.0
9.0
12.0
14.0
16.0
16.0
17.0
17.0
18.0
18.0
17.0
16.0
15.0
14.0
13.0
13.0
10.0
10.0
9.0
8.0
8.0
8.0
7.0
7.0
7.0
8.0
11.0
13.0
14.0
16.0
16.0
17.0
17.0
16.0
17.0
15.0
14.0
13.0
12.0
11.0
11.0
11.0
9.0
8.0
7.0
6.0
6.0
6.0
6.0
8.0
11.0
13.0
15.0
16.0
16.0
17.0
17.0
18.0
17.0
15.0
14.0
12.0
11.0
11.0
9.0
7.0
6.0
6.0
6.0
5.0
5.0
5.0
5.0
7.0
10.0
13.0
15.0
17.0
17.0
18.0
19.0
19.0
19.0
17.0
15.0
14.0
13.0
12.6
12.3
11.9
11.6
11.2
10.9
10.5
10.5
9.4
8.8
10.0
15.0
17.2
18.3
18.8
20.0
20.0
21.1
21.1
20.0
17.7
16.6
15.5
15.5
14.4
13.8
12.2
10.5
9.4
8.3
8.3
7.7
6.6
7.2
10.5
13.8
16.1
16.6
18.8
20.0
20.5
21.1
20.5
19.4
18.3
16.7
15.5
15.0
12.8
11.6
10.5
10.0
10.0
8.8
8.3
8.3
8.3
7.7
10.5
15.0
17.7
19.4
20.0
20.0
21.1
22.2
21.6
21.1
19.4
18.8
17.7
16.1
16.1
15.5
13.3
11.6
11.1
11.1
10.0
8.8
7.7
7.2
11.6
13.8
15.5
17.2
17.7
18.3
18.8
19.4
19.4
19.4
17.7
16.6
15.0
13.3
12.2
11.1
11.1
9.4
8.8
8.8
9.4
10.0
11.1
11.1
12.7
16.1
18.3
20.0
20.0
21.1
22.2
21.6
21.1
20.5
20.0
19.4
17.7
17.2
17.7
16.6
15.0
15.0
14.4
13.3
13.3
12.7
11.7
12.7
12.7
13.3
13.8
14.4
15.0
15.5
15.5
16.6
16.6
17.2
15.5
13.8
12.7
12.2
11.6
9.4
8.8
8.8
9.4
8.8
7.7
7.2
7.2
7.7
7.7
10.5
12.7
15.5
16.6
17.2
17.7
18.8
18.8
18.8
18.9
18.8
18.8
14.4
11.1
11.1
12.2
11.1
10.0
10.0
10.0
10.0
10.5
10.0
12.2
14.4
16.6
17.2
17.2
18.3
18.3
18.8
19.4
18.8
17.7
16.6
14.4
13.3
12.2
12.7
11.6
10.5
11.6
11.1
9.4
9.4
10.0
10.0
11.6
15.5
18.3
20.5
20.0
20.0
24.4
22.7
22.7
22.7
22.2
20.0
17.7
16.6
15.5
11.6
11.6
10.5
10.5
10.0
9.4
10.0
9.4
10.0
12.2
16.1
20.0
22.2
22.7
23.8
24.4
25.5
25.5
25.5
23.5
20.5
18.8
17.2
15.0
14.4
14.4
13.3
16.1
16.1
14.4
16.1
16.6
16.6
16.6
17.7
18.8
21.6
22.2
21.1
18.8
17.2
15.6
16.7
15.6
14.4
13.9
13.8
12.7
12.2
11.1
10.0
9.4
8.3
7.7
8.3
9.4
7.7
9.4
12.7
13.8
15.5
15.0
17.7
17.2
16.1
16.6
17.2
16.6
14.4
13.8
13.8
13.3
12.7
9.4
9.4
8.3
7.2
6.6
6.1
6.1
5.0
9.4
12.7
16.1
17.2
18.3
18.8
20.0
21.6
20.5
21.1
19.4
17.7
16.6
15.5
13.8
10.5
10.0
8.8
8.8
8.3
8.3
7.7
6.6
7.2
13.3
18.3
18.3
20.5
20.5
20.5
27.2
26.1
25.5
23.8
23.3
22.2
20.0
18.3
13.8
13.3
12.7
12.7
11.1
10.5
9.4
12.7
12.2
13.3
16.6
21.6
23.3
24.4
26.1
27.2
27.7
28.3
28.3
27.7
27.2
23.3
21.6
19.4
18.8
15.0
16.1
16.6
16.6
16.1
14.4
15.0
14.4
12.7
16.6
21.1
23.3
25.0
26.6
27.2
27.7
28.8
28.8
28.3
25.5
23.8
22.2
21.1
20.0
18.8
16.6
15.0
15.0
16.6
15.0
13.3
14.4
13.8
17.2
18.8
21.6
25.5
26.6
27.2
25.0
27.2
26.6
26.1
24.4
22.7
20.5
21.6
20.5
19.4
18.3
15.5
13.8
14.4
12.2
11.7
12.2
13.8
16.6
20.0
22.7
24.4
25.0
26.6
26.1
27.2
27.2
27.2
25.5
23.3
20.5
18.8
15.0
13.8
13.8
12.2
12.7
12.7
10.5
11.6
10.5
11.1
17.2
20.0
22.7
23.8
25.0
25.0
25.0
26.1
26.1
26.1
23.8
20.5
20.0
18.3
18.3
14.4
12.7
12.2
11.6
12.7
12.2
11.1
11.6
11.1
16.1
20.5
23.3
24.4
26.1
27.2
27.7
27.7
28.3
28.8
27.2
23.8
20.5
18.3
19.4
17.2
17.7
14.4
15.0
12.2
15.5
13.8
12.2
15.5
19.4
21.1
23.3
23.8
25.5
25.0
25.5
25.5
24.4
23.3
22.2
21.6
20.0
18.8
17.7
17.7
17.2
17.2
16.6
13.8
12.7
11.1
9.4
9.4
14.4
15.5
17.2
17.7
19.4
20.5
21.6
22.7
23.3
22.7
22.2
20.0
18.3
13.8
11.1
12.2
13.3
11.6
11.6
12.2
11.1
9.4
12.7
12.2
17.2
19.4
21.6
23.8
25.0
25.0
25.5
25.0
23.8
22.7
21.1
18.8
16.1
15.0
13.8
12.2
10.5
8.8
8.3
8.3
7.2
6.6
7.2
7.7
10.0
11.6
13.8
15.0
15.0
15.5
15.0
14.4
14.4
14.4
14.4
13.8
13.3
12.7
11.6
10.0
9.4
9.4
8.8
8.3
6.6
5.5
3.3
5.0
8.3
10.5
12.2
13.3
14.4
15.0
15.0
14.4
15.5
14.4
13.8
11.6
10.5
8.8
7.7
5.5
2.8
2.2
2.7
1.1
0.5
0.5
0.5
2.2
7.2
10.5
12.7
13.8
16.1
16.6
17.2
17.2
18.3
18.3
17.2
15.0
13.8
13.3
12.2
8.8
5.5
5.0
3.8
3.8
2.2
2.7
1.6
3.8
9.4
11.6
15.0
16.1
18.3
20.0
21.1
22.2
22.7
22.2
20.5
17.2
15.0
13.8
13.3
10.0
7.7
5.5
6.1
4.4
3.8
3.8
3.8
4.4
10.5
13.8
15.5
16.6
18.3
19.4
19.4
21.1
21.6
21.1
20.0
17.2
14.4
12.7
11.6
7.7
7.2
6.6
5.0
5.0
3.8
4.4
2.7
5.0
11.1
14.4
16.6
17.2
18.8
18.8
19.4
19.4
20.5
20.0
18.8
15.0
14.4
12.2
12.2
11.1
8.3
8.8
8.3
6.6
6.1
4.4
5.5
5.0
9.4
12.7
15.5
17.7
19.4
20.0
21.1
21.1
21.6
21.1
19.4
17.7
16.1
15.5
13.8
10.5
7.7
7.7
6.6
6.1
5.5
5.0
4.4
5.5
11.1
15.0
17.2
19.4
21.6
22.2
22.2
22.7
23.3
23.3
21.6
19.4
17.7
15.5
15.4
15.4
15.3
15.2
15.1
15.1
15.0
13.0
14.0
16.0
20.0
24.0
27.0
29.0
30.0
31.0
32.0
32.0
32.0
32.0
30.0
28.0
27.0
25.0
24.0
21.0
20.0
18.0
18.0
18.0
17.0
15.0
14.0
17.0
20.0
25.0
26.0
27.0
29.0
30.0
31.0
31.0
31.0
31.0
30.0
28.0
26.0
25.0
23.0
19.0
18.0
19.0
18.0
17.0
15.0
15.0
16.0
18.0
21.0
24.0
27.0
29.0
29.6
30.0
31.0
32.0
32.0
32.0
31.0
29.0
26.0
23.0
22.0
20.0
18.0
18.0
16.0
16.0
16.0
16.0
15.0
17.0
22.0
25.0
27.0
29.0
31.0
32.0
32.0
32.0
31.8
31.0
31.0
30.0
27.0
27.0
25.0
22.0
20.0
18.0
19.0
18.0
18.0
16.0
16.0
17.0
22.0
25.0
27.0
28.0
29.0
30.0
32.0
32.0
32.0
32.0
30.0
28.0
26.0
25.0
22.0
21.0
20.0
19.0
19.0
19.0
18.0
17.0
19.0
21.0
21.0
24.0
26.0
29.0
28.0
28.0
27.0
27.0
24.0
23.0
21.0
18.0
17.0
17.0
15.0
15.0
14.0
13.0
13.1
13.0
12.0
12.0
12.0
12.0
14.4
16.0
18.0
20.0
21.0
23.0
24.2
25.0
24.0
24.0
24.0
22.0
22.0
20.0
19.0
18.0
17.0
15.0
14.6
14.0
12.9
12.0
12.0
14.0
17.0
20.0
22.0
24.0
25.0
27.0
28.0
28.0
28.0
28.0
27.0
25.0
24.0
22.0
21.0
22.0
19.0
17.0
17.0
15.0
13.0
13.0
13.0
15.0
21.0
23.0
25.0
27.0
29.0
29.0
31.0
30.0
30.0
30.0
29.0
27.0
26.0
25.0
23.0
23.0
19.0
18.0
18.0
16.0
16.0
15.0
15.0
17.0
22.0
25.0
27.0
29.0
31.0
32.0
32.0
33.0
33.0
32.0
31.0
29.0
28.0
26.0
24.0
21.0
19.7
18.5
17.8
17.0
16.0
15.0
14.0
17.0
23.0
25.0
28.0
29.0
31.0
31.0
32.0
33.0
34.0
33.0
32.0
30.0
28.0
27.0
26.0
24.0
23.0
21.0
20.0
19.0
18.0
17.0
17.0
20.0
23.0
26.0
29.0
30.0
31.0
32.0
33.0
33.0
33.0
34.0
32.0
31.0
28.0
27.0
26.0
25.0
22.0
20.0
18.0
18.0
16.9
16.0
16.0
17.0
21.0
25.0
28.0
29.0
31.0
32.0
33.0
34.0
34.0
34.0
33.0
31.0
29.0
27.0
26.0
24.0
22.0
21.0
20.0
20.0
17.0
17.0
16.0
19.0
24.0
27.0
29.0
31.0
33.0
34.0
34.0
35.0
35.0
35.0
34.0
31.0
31.0
29.0
27.0
26.0
23.0
24.0
24.0
23.0
23.0
21.0
20.0
22.0
24.0
26.0
28.0
28.0
29.0
30.0
30.0
30.0
29.0
28.0
26.0
25.0
24.0
23.0
22.0
21.0
20.0
20.0
18.0
18.0
17.0
16.0
16.0
17.0
18.0
19.0
21.0
22.0
23.0
24.0
27.0
26.0
26.0
26.0
26.0
25.0
23.0
22.0
21.0
19.0
18.0
17.0
17.0
16.0
15.0
14.0
16.0
17.0
21.0
22.8
24.0
25.0
27.0
28.0
29.0
29.0
29.0
28.0
27.0
26.0
24.0
24.0
22.0
20.0
19.0
16.0
17.0
16.0
17.0
16.0
14.0
17.0
20.0
23.0
24.0
25.0
27.0
29.0
30.0
31.0
30.0
30.0
29.0
27.0
25.0
23.0
22.0
19.0
19.0
16.0
15.6
15.0
13.9
13.0
12.0
17.0
19.0
22.0
24.0
26.0
28.0
29.0
30.0
30.0
30.0
29.0
28.0
25.0
23.0
21.0
20.0
19.0
17.0
15.0
14.0
14.0
13.0
13.0
13.0
14.0
15.0
18.0
18.0
20.0
21.0
21.0
23.0
23.0
24.0
23.0
22.0
20.0
19.0
17.0
17.0
15.0
12.0
10.0
10.0
10.0
8.0
8.0
9.0
11.0
17.0
20.0
23.0
24.0
26.0
27.0
28.0
29.0
29.0
30.0
29.0
26.0
24.0
23.0
20.5
18.0
15.0
13.0
13.0
12.0
11.0
11.0
11.0
15.0
19.0
23.0
25.0
28.0
29.0
30.0
32.0
32.0
32.0
32.0
30.0
28.0
26.0
25.0
25.0
22.0
20.0
18.0
18.0
16.0
16.0
14.0
13.0
18.0
22.0
25.0
27.0
29.0
30.6
32.0
34.0
33.0
33.3
33.0
32.0
30.0
28.0
25.0
24.0
22.0
20.0
18.0
19.0
19.0
17.0
15.0
16.0
19.0
23.0
26.0
27.0
30.0
31.0
33.0
33.0
33.0
34.0
33.0
31.0
30.0
29.0
28.0
28.0
27.0
26.0
25.0
24.0
24.0
24.0
22.0
22.0
24.0
25.0
27.0
27.0
29.0
31.0
31.0
31.0
33.0
33.0
33.0
32.0
30.0
28.0
27.0
26.0
25.0
23.0
22.0
21.0
20.0
20.0
20.0
19.2
21.0
24.0
26.0
26.0
28.0
29.0
29.0
29.0
27.0
26.0
25.0
21.0
19.0
18.0
17.0
16.0
15.0
15.0
14.0
14.0
13.0
13.0
12.0
12.0
14.0
16.0
18.0
19.0
21.0
23.0
24.0
26.0
26.0
27.0
28.0
26.0
25.0
23.0
22.0
21.0
19.0
18.0
16.0
15.0
15.0
15.0
13.0
13.0
16.0
20.0
23.0
25.0
26.0
28.0
30.0
30.0
31.0
31.0
31.0
30.0
29.0
27.0
26.0
25.0
22.0
21.0
20.0
19.0
18.0
18.0
19.0
19.0
20.0
24.0
26.0
28.0
28.0
29.0
31.0
32.0
33.0
32.8
32.0
31.5
30.0
28.0
25.0
26.0
24.0
22.0
21.0
22.0
20.0
18.0
18.0
18.0
19.0
23.0
25.0
28.0
31.0
31.0
34.0
34.0
33.0
33.0
32.0
30.0
28.0
27.0
25.0
23.1
21.3
19.4
17.6
15.7
13.9
12.0
13.0
13.0
16.0
19.0
22.0
24.0
25.0
26.0
27.0
28.0
29.0
30.0
29.0
29.0
27.0
26.0
24.0
23.0
22.0
21.0
22.0
21.0
20.0
20.0
20.0
20.0
22.0
24.0
26.0
27.0
29.0
30.0
30.0
31.0
31.0
31.0
31.0
30.0
29.0
27.0
25.0
24.0
24.0
22.0
20.0
19.0
17.0
17.0
17.0
18.0
20.0
25.0
28.0
29.0
30.0
31.0
32.0
33.0
33.0
34.0
33.0
33.0
31.0
29.0
28.0
23.0
22.0
21.0
19.0
19.0
18.0
17.0
17.0
18.0
21.0
24.0
28.0
30.0
32.0
33.2
34.0
35.0
35.0
35.0
35.0
34.0
32.0
29.0
29.0
26.0
24.0
21.0
20.0
19.0
19.0
19.0
18.0
17.0
22.0
25.0
28.0
30.0
32.0
32.0
33.0
35.0
35.0
34.0
34.0
34.0
32.0
30.0
29.0
27.0
26.0
25.0
24.0
22.0
20.0
19.0
19.0
18.0
21.0
24.0
26.0
28.0
30.0
31.0
32.0
33.0
34.0
34.0
34.0
33.0
32.0
29.0
28.0
26.0
27.0
24.0
23.0
21.0
20.0
19.0
18.0
18.0
21.0
25.0
27.0
28.0
31.0
33.0
34.0
35.0
35.0
36.0
36.0
35.0
32.0
31.0
29.0
28.0
28.0
28.0
26.0
23.0
23.0
22.0
22.0
20.0
23.0
27.0
28.0
29.0
31.0
32.0
33.0
33.0
34.0
34.0
33.0
33.0
31.0
28.0
27.0
24.0
23.0
22.0
22.0
23.0
20.9
19.0
18.0
19.0
23.0
26.0
28.0
30.0
32.0
33.0
34.0
35.0
35.0
35.0
35.0
34.0
33.0
31.0
29.0
28.0
26.0
24.0
23.0
21.0
22.0
20.0
19.0
20.0
24.0
26.0
28.0
30.0
31.0
32.0
33.0
33.0
34.0
35.0
34.0
33.0
32.0
30.0
28.0
27.0
26.0
25.0
24.0
23.0
22.0
22.0
22.0
21.0
23.0
24.0
26.0
27.0
29.0
30.0
31.0
32.0
32.0
32.0
32.0
30.0
29.0
27.2
26.0
25.0
24.0
22.0
21.0
20.0
20.0
20.0
19.0
17.0
21.0
24.0
25.0
27.0
29.0
29.0
30.0
30.0
31.0
31.0
30.0
29.0
27.0
26.0
24.0
23.0
21.0
21.0
19.0
18.0
16.0
16.0
14.0
14.0
18.0
21.0
22.0
24.0
25.0
26.0
28.0
29.0
30.0
30.0
30.0
29.0
27.0
25.0
23.0
22.0
19.0
16.0
15.0
15.0
14.0
14.0
14.0
15.0
20.0
24.0
26.3
28.0
31.0
32.0
33.0
33.0
34.0
34.0
33.0
33.0
31.0
28.0
26.0
26.0
23.0
22.0
21.4
21.0
19.0
19.0
18.0
16.0
21.0
24.0
27.0
30.0
31.0
33.0
34.0
36.0
36.0
36.0
37.0
35.0
33.0
31.0
29.0
28.0
24.0
23.0
20.0
21.0
21.0
18.0
18.0
16.0
22.0
25.0
28.0
30.0
32.0
33.0
34.0
36.0
35.0
36.0
35.1
34.0
33.0
31.0
29.0
27.0
25.0
24.0
24.0
21.0
20.0
20.0
20.0
19.0
23.0
27.0
28.0
30.0
32.0
33.0
34.0
34.0
35.0
35.0
34.0
34.0
32.0
30.0
29.0
26.0
25.0
22.0
22.0
21.0
21.0
19.0
17.0
17.0
22.0
27.0
29.0
30.0
32.0
34.0
34.0
36.0
36.0
36.0
35.0
35.0
33.0
30.0
29.0
28.0
26.0
22.0
21.0
21.0
18.0
18.0
17.0
18.0
22.0
26.0
28.0
31.0
32.0
33.0
35.0
36.0
36.0
36.0
35.0
34.0
32.0
31.0
29.0
27.0
25.0
24.0
23.0
19.0
19.0
19.0
18.0
19.0
23.0
26.0
29.0
30.0
32.0
34.0
35.0
36.0
36.0
35.0
34.0
33.0
32.0
30.0
28.0
26.0
24.0
22.0
22.0
22.0
19.0
20.0
18.7
18.0
22.0
25.0
27.0
29.0
30.0
31.0
32.0
32.0
32.0
32.0
32.0
31.0
29.0
27.0
26.0
25.0
22.0
21.0
20.0
20.0
16.0
15.0
15.0
16.0
20.0
22.0
24.0
25.0
27.0
29.0
31.0
30.0
31.0
31.0
31.0
30.0
28.0
27.0
25.0
24.0
23.0
21.0
20.0
19.0
17.0
15.0
15.0
16.0
20.0
23.0
26.0
28.0
29.0
31.0
32.0
32.0
33.0
33.0
32.0
32.0
30.0
28.0
27.0
25.0
23.0
22.0
21.0
19.0
18.0
17.0
16.0
18.0
22.0
24.0
26.0
28.0
30.0
32.0
33.0
33.0
33.0
33.0
32.6
32.0
31.0
29.0
26.0
25.0
25.0
24.0
24.0
23.0
22.0
20.0
20.0
19.0
23.0
25.0
27.0
29.0
29.0
31.0
32.0
32.0
32.0
32.0
31.0
30.0
29.0
29.0
27.0
26.0
26.0
25.0
24.0
24.0
21.0
21.0
21.0
23.0
23.0
24.0
27.0
27.0
28.0
30.0
31.0
32.0
33.0
32.0
31.0
31.0
29.0
28.0
26.0
23.0
22.0
21.0
20.0
19.0
17.0
16.0
15.0
16.0
19.0
22.0
23.0
24.0
25.0
27.0
28.0
30.0
30.0
30.0
30.0
30.0
29.0
26.0
24.0
24.0
20.0
18.0
17.0
18.0
17.0
16.0
15.0
16.0
21.0
24.0
27.0
29.0
31.0
32.0
32.0
33.0
34.0
33.0
33.0
32.0
30.0
29.0
27.0
25.0
23.0
21.0
20.0
19.0
19.0
18.0
17.0
17.0
21.0
23.0
26.0
28.0
29.0
30.0
31.0
31.0
32.0
32.0
32.0
31.0
30.0
28.0
27.0
25.0
25.0
24.0
22.0
20.0
19.0
18.0
18.0
18.0
22.0
25.0
27.0
28.0
29.0
30.0
32.0
32.0
34.0
33.0
33.0
32.0
31.0
29.0
28.0
27.0
25.0
22.0
21.0
20.0
19.0
19.0
19.0
19.0
24.0
26.0
29.0
30.0
31.0
33.0
34.0
35.0
36.0
37.0
37.0
36.0
34.0
31.0
29.0
28.0
27.0
26.0
25.0
24.0
23.0
22.0
23.0
22.0
25.0
28.0
30.2
32.0
33.0
35.0
37.0
37.0
38.0
38.0
38.0
37.0
36.0
34.0
32.0
30.0
29.5
29.0
27.0
25.4
24.0
23.0
22.0
22.6
26.0
29.0
31.0
33.0
35.0
37.0
39.0
39.0
40.0
39.0
39.0
39.0
37.0
35.0
34.0
32.0
30.0
28.0
25.0
24.0
23.0
22.0
22.0
22.0
26.0
29.0
32.0
33.0
34.0
36.0
37.0
38.0
38.0
39.0
38.0
38.0
36.0
34.0
33.0
32.0
30.0
29.0
28.0
25.0
25.0
24.0
23.0
24.0
26.0
29.0
31.0
32.1
33.0
35.0
36.0
37.0
38.0
38.0
38.0
37.0
36.0
34.0
33.0
31.0
30.0
27.0
26.0
26.0
23.0
24.0
23.0
25.0
27.0
30.0
31.0
32.0
33.0
35.0
36.0
37.0
38.0
37.0
37.0
37.0
35.0
34.0
32.0
30.0
29.0
28.0
25.0
24.0
24.0
23.0
23.0
23.0
27.0
29.0
31.0
32.0
34.0
34.0
36.0
37.0
37.0
38.0
37.0
37.0
35.0
33.0
31.0
31.0
29.0
28.0
25.0
23.0
23.0
22.0
21.0
22.0
25.0
28.0
31.0
32.0
34.0
35.0
37.0
37.0
37.0
38.0
38.0
37.0
36.0
34.0
31.0
30.0
30.0
29.0
28.0
25.0
23.0
22.0
22.0
22.0
26.0
29.0
32.0
34.0
36.0
37.0
38.0
39.0
40.0
39.0
39.0
38.0
35.0
34.0
32.0
31.0
29.0
28.0
28.0
27.0
27.0
26.0
25.0
25.0
28.0
28.0
29.0
31.0
33.0
34.0
36.0
37.0
37.0
37.0
36.0
35.0
34.0
32.0
31.0
29.0
27.0
26.0
25.0
22.0
21.0
21.0
20.0
21.0
25.0
27.0
28.7
30.0
32.0
33.6
35.0
35.0
35.0
35.0
34.0
34.0
32.0
31.0
30.0
28.0
26.0
25.0
24.0
22.0
22.0
21.0
19.0
20.0
23.0
26.0
28.0
30.0
31.0
32.0
32.0
33.0
34.0
34.0
34.0
34.0
33.0
31.0
30.0
28.0
27.0
26.0
24.0
21.0
21.0
20.0
20.0
21.0
24.2
27.0
29.0
30.0
32.0
32.0
34.0
34.7
35.0
35.0
35.0
34.0
33.0
31.0
30.0
28.0
27.0
24.0
24.0
23.0
23.0
20.0
19.0
20.0
23.0
25.0
28.0
29.0
31.0
33.0
34.0
35.0
35.0
36.0
35.0
35.0
34.0
31.0
30.0
28.0
28.0
28.0
27.0
23.0
22.0
20.0
19.0
20.0
23.0
27.0
31.0
32.0
34.0
35.0
36.0
37.0
38.0
38.0
38.0
38.0
36.0
34.0
32.0
30.0
30.0
27.0
27.0
24.0
24.0
22.0
22.0
22.0
26.0
30.0
33.0
35.0
36.0
38.0
39.0
40.0
41.0
41.0
40.0
40.0
38.0
36.0
34.0
33.0
30.0
28.5
27.0
25.0
25.0
22.0
22.0
24.0
27.0
31.0
33.0
35.0
36.0
38.0
40.0
40.0
40.0
42.0
41.0
40.0
38.0
36.0
34.0
33.0
31.0
30.0
28.0
28.0
27.0
27.0
26.0
25.0
30.0
32.0
34.0
36.0
37.0
38.0
38.0
40.0
40.0
41.0
38.0
39.0
37.0
34.0
33.0
31.0
30.0
29.0
28.0
28.0
27.0
27.0
27.0
26.0
29.0
30.0
32.0
34.0
36.0
36.0
37.0
37.0
40.0
38.0
38.0
38.0
38.0
36.0
34.0
32.0
28.0
27.0
26.0
25.0
24.0
23.0
22.0
23.0
28.0
31.0
32.0
34.0
35.0
37.0
38.0
39.0
38.0
38.0
38.0
37.0
35.0
33.0
32.0
30.0
28.0
26.0
26.0
25.0
24.0
23.0
20.0
24.0
26.0
28.0
29.0
31.0
33.0
35.0
35.0
36.0
36.0
36.0
35.0
34.0
33.0
31.0
29.0
28.0
26.0
24.0
23.0
20.0
21.0
19.0
18.0
18.0
25.0
27.0
30.0
30.0
32.0
34.0
36.0
36.0
37.0
37.0
36.0
36.0
34.0
32.0
31.0
29.0
26.0
26.0
25.0
23.0
24.0
21.0
21.0
22.0
26.0
29.0
30.0
31.0
33.0
34.0
36.0
38.0
37.0
38.0
37.0
37.0
35.0
34.0
31.0
29.0
28.0
25.0
24.0
25.0
23.0
23.0
21.0
23.0
28.0
29.0
31.0
32.0
35.0
36.0
37.0
37.0
37.4
37.4
37.0
36.0
35.0
32.0
31.0
29.0
28.0
27.0
26.0
25.4
25.0
21.0
22.0
24.0
27.0
29.0
30.0
32.0
34.0
35.0
36.0
37.0
37.0
37.0
36.0
36.0
35.0
32.0
31.0
30.0
29.0
28.0
26.0
24.0
22.0
22.0
21.0
21.0
25.0
28.0
31.0
33.0
34.0
35.0
35.0
37.0
38.0
38.0
38.0
38.0
36.0
34.0
33.0
31.0
29.0
29.0
27.0
24.0
22.0
22.0
22.0
23.0
26.0
28.0
31.0
34.0
35.0
37.0
39.0
40.0
40.0
40.0
40.0
39.0
38.0
36.0
34.0
32.0
30.0
29.0
27.0
27.0
26.0
25.0
25.0
26.0
29.0
31.0
32.0
34.0
37.0
38.0
40.0
40.0
41.0
41.0
41.0
40.0
39.0
37.0
36.0
33.0
32.0
31.0
30.0
29.0
29.0
27.0
26.0
27.0
30.0
33.0
35.0
37.0
38.0
39.0
40.0
41.0
42.0
42.0
42.0
41.0
40.0
37.0
35.0
33.0
32.0
32.0
31.0
30.0
29.0
28.0
28.0
28.0
30.0
31.0
33.0
34.0
36.0
38.0
39.0
40.0
41.0
41.0
40.0
40.0
39.0
37.0
35.0
34.0
33.0
32.0
31.0
30.0
29.0
28.0
27.0
28.0
29.0
31.0
33.0
34.0
36.0
39.0
39.0
40.0
41.0
41.0
40.0
39.0
38.0
36.0
35.0
32.7
30.4
28.1
25.9
23.6
21.3
19.0
19.0
18.0
23.0
27.0
30.0
33.0
34.0
35.0
37.0
37.0
38.0
38.0
38.0
36.0
35.0
32.0
30.0
27.4
24.8
22.8
21.7
20.6
20.0
18.9
18.3
18.8
22.2
26.1
29.0
31.0
33.0
35.0
36.0
36.0
38.0
38.0
38.0
38.0
36.0
33.0
31.0
29.0
27.0
24.0
23.0
22.0
22.0
21.0
20.0
22.0
24.0
28.0
31.0
33.0
34.0
37.0
36.0
38.0
38.0
38.0
37.0
36.0
35.0
33.0
32.0
30.0
29.0
27.0
26.0
25.0
21.0
21.0
20.0
20.0
25.0
28.0
30.0
32.0
33.0
34.0
35.0
37.0
36.0
37.0
37.0
36.0
36.0
33.0
31.0
31.0
30.0
27.0
26.0
24.0
23.0
23.0
23.0
23.0
27.0
30.0
31.0
33.0
35.0
36.0
37.0
38.0
38.0
39.0
39.0
38.0
37.0
34.0
32.0
30.0
29.0
27.0
25.0
24.0
22.0
22.0
22.0
23.0
25.0
29.0
31.0
32.0
34.0
35.0
36.0
37.0
38.0
38.0
38.0
38.0
37.0
35.0
32.0
31.0
30.0
27.0
27.0
25.5
24.0
28.0
28.0
26.0
29.0
30.0
32.0
32.0
34.0
35.0
36.0
38.0
37.0
37.0
37.0
37.0
36.0
35.0
32.0
32.0
31.0
29.0
28.0
26.0
27.0
27.0
25.0
26.0
29.0
31.0
31.0
32.0
33.2
34.2
35.0
35.0
33.0
33.0
30.0
28.0
27.0
27.0
24.0
24.0
25.0
25.0
25.0
25.0
25.0
25.0
23.0
23.0
24.0
26.0
28.0
29.0
30.0
33.0
35.0
36.0
36.0
36.0
35.0
35.0
34.0
32.0
31.0
29.0
28.0
27.0
27.0
27.0
27.0
27.0
26.0
25.0
27.0
30.0
32.0
34.0
36.0
37.0
37.0
38.0
39.0
38.0
31.0
30.7
30.0
31.0
29.0
29.0
29.0
29.0
27.0
27.0
26.0
27.0
26.0
26.0
28.0
31.0
32.0
33.0
35.0
36.0
37.0
39.0
39.0
39.0
39.0
38.0
37.0
33.0
33.0
30.0
30.0
31.0
31.0
30.0
28.0
28.0
27.0
27.0
30.0
30.0
32.0
35.0
37.0
38.0
39.0
40.0
33.0
33.0
32.0
33.0
33.0
32.0
30.0
29.0
29.0
28.0
28.0
26.0
27.0
25.0
24.0
25.0
27.0
29.0
31.0
32.0
34.0
34.0
36.0
37.0
38.0
35.0
31.0
26.0
26.0
27.0
25.0
24.5
24.0
24.0
23.0
23.0
24.0
24.0
24.0
24.0
24.0
26.0
28.0
29.0
29.0
29.0
27.0
28.0
29.0
30.0
30.0
30.0
29.0
28.0
28.0
27.0
27.0
27.0
25.0
24.0
24.0
23.0
23.0
24.0
25.0
27.0
28.0
30.0
32.0
32.0
33.0
34.0
35.0
35.0
35.0
34.0
33.0
33.0
32.0
32.0
31.0
30.0
30.0
28.0
28.0
27.0
27.0
28.0
29.0
30.0
32.0
32.0
34.0
35.0
37.0
38.0
38.0
36.0
37.0
36.0
29.0
30.0
29.0
30.0
29.0
29.0
28.0
29.0
28.0
27.0
27.0
26.1
27.0
29.0
30.0
31.0
33.0
36.0
35.0
37.0
38.0
38.0
36.0
37.0
36.0
25.0
25.0
24.0
24.0
24.0
26.0
25.0
25.0
24.0
25.0
24.4
25.6
27.0
28.0
31.0
33.0
34.0
37.0
38.0
39.0
39.0
38.0
38.0
35.0
32.0
31.0
30.0
30.0
29.0
28.0
27.0
26.0
26.0
26.0
27.0
27.0
29.0
33.0
34.0
35.0
38.0
40.0
40.0
39.0
39.0
35.0
34.0
32.0
32.0
31.0
31.0
31.0
30.0
30.0
29.0
27.0
27.0
26.0
26.0
28.0
30.0
32.0
35.0
36.0
37.0
39.0
39.0
40.0
39.0
39.0
39.0
37.0
36.0
31.0
33.0
33.0
32.0
31.0
30.0
29.0
27.0
27.0
27.0
30.0
31.0
31.0
32.0
36.0
37.0
38.0
38.0
39.0
39.0
38.0
38.0
38.0
37.0
34.0
33.0
32.0
31.0
31.0
30.0
29.0
29.0
29.0
29.0
30.0
33.0
33.0
35.0
36.0
37.0
37.0
38.0
38.0
38.0
38.0
38.0
36.0
34.0
33.0
32.0
31.0
31.0
30.0
29.0
29.0
29.0
29.0
28.0
28.0
31.0
32.0
33.0
34.0
36.0
37.0
31.0
28.0
28.0
28.0
28.0
27.0
28.0
27.0
27.0
26.0
26.0
26.0
26.0
26.0
25.5
25.0
24.0
26.0
28.0
28.0
29.0
29.0
31.0
31.0
32.0
33.0
33.0
34.0
34.0
33.0
31.0
31.0
31.0
29.0
28.0
27.0
27.0
26.0
26.0
26.0
26.0
27.0
30.0
33.0
34.0
33.0
34.0
34.0
34.0
32.0
33.0
34.0
33.0
33.0
31.0
30.0
28.0
28.0
28.0
27.0
26.0
25.0
25.0
25.0
25.0
26.0
27.0
29.0
30.0
32.0
33.0
33.0
34.0
35.0
35.0
34.0
34.0
30.0
29.0
28.0
26.0
25.0
21.0
21.0
22.0
22.0
22.0
22.0
22.0
23.0
25.0
27.0
29.0
31.0
32.0
34.0
35.0
33.0
32.0
33.0
33.0
33.0
32.0
31.0
29.0
28.0
26.0
26.0
25.0
26.0
26.0
24.0
24.0
26.0
26.0
31.0
31.0
32.0
34.0
32.0
29.0
32.0
25.0
24.0
28.0
26.0
25.0
25.0
24.0
24.0
23.0
23.0
23.0
22.0
21.0
21.0
21.0
22.0
26.0
28.0
30.1
32.0
33.0
35.0
35.0
36.0
36.0
36.0
35.7
35.0
31.0
30.0
30.0
28.0
27.4
27.0
27.0
25.0
24.0
24.0
24.0
25.0
26.0
29.0
32.0
34.0
36.0
36.0
37.0
38.0
38.0
38.0
38.0
36.0
33.0
31.0
30.0
31.0
30.0
30.0
29.0
26.0
26.0
26.0
25.0
25.0
28.0
29.0
32.0
34.0
36.0
37.0
37.0
38.0
39.0
35.0
35.0
34.0
33.0
33.0
31.9
30.7
29.6
28.4
27.3
26.1
25.0
24.0
24.0
24.0
26.0
29.0
31.0
32.0
33.0
35.0
36.0
36.0
37.0
37.0
36.0
35.0
34.0
30.0
30.0
30.0
26.0
26.0
27.0
26.0
26.0
26.0
25.3
26.0
27.0
28.0
28.0
31.0
32.0
34.0
35.0
36.0
33.0
30.0
31.0
29.8
28.8
28.0
27.0
27.0
27.0
26.0
25.0
25.0
25.0
24.0
24.0
24.0
30.0
32.0
32.0
35.0
33.0
32.0
32.0
32.0
27.0
25.0
23.0
24.0
24.0
25.0
25.0
24.0
24.0
24.0
24.0
23.0
23.0
22.0
21.0
22.0
22.0
24.0
27.0
31.0
32.0
33.0
34.0
30.0
27.0
24.0
25.0
23.0
23.0
23.0
23.0
23.0
22.0
22.0
22.0
22.0
22.0
21.0
21.0
23.0
23.0
25.0
27.0
31.0
31.0
33.0
34.0
34.0
34.0
22.0
17.0
18.0
20.0
20.0
21.0
22.0
22.0
22.0
20.0
20.0
20.0
20.0
20.0
21.0
24.0
25.0
26.0
27.0
28.0
29.0
29.0
31.0
31.0
31.0
30.0
29.0
28.0
26.0
26.0
25.0
24.0
21.0
21.0
21.0
21.0
21.0
21.0
21.0
23.0
26.0
28.0
30.0
31.0
33.0
33.0
35.0
35.0
35.0
35.0
34.0
32.0
31.0
30.0
29.0
29.0
26.0
26.0
25.0
25.0
24.0
24.0
26.0
27.0
31.0
34.0
34.0
37.0
36.0
38.0
38.0
38.0
34.0
30.0
31.0
31.0
31.0
31.0
30.0
30.0
29.0
28.0
28.0
26.0
26.0
26.0
28.0
30.0
31.0
34.0
36.0
37.0
39.0
38.0
38.0
38.0
29.0
25.0
27.0
26.0
27.0
26.0
27.0
26.0
25.0
26.0
26.0
24.0
23.0
23.0
25.0
30.0
32.0
33.0
35.0
36.0
37.0
38.0
39.0
39.0
39.0
39.0
38.0
36.0
34.0
30.0
28.0
28.0
28.0
26.0
26.0
26.0
25.0
25.0
25.0
28.0
32.0
32.0
35.0
36.0
37.0
38.0
38.0
38.0
37.0
37.0
35.0
33.0
32.0
31.0
31.0
30.0
28.0
28.0
28.0
27.0
26.0
26.0
27.0
30.0
31.0
33.0
34.0
35.0
36.0
38.0
38.0
38.0
38.0
38.0
37.0
35.0
33.0
32.0
31.0
29.0
28.0
29.0
27.0
28.0
27.0
26.0
28.0
31.0
32.0
33.0
34.0
35.0
36.0
38.0
38.0
38.0
38.0
38.0
37.0
35.0
34.0
32.0
31.0
31.0
30.0
29.0
27.0
27.0
26.0
26.0
28.0
30.0
33.0
34.0
35.0
36.0
38.0
38.0
38.0
38.0
38.0
38.0
37.0
34.0
33.0
31.0
31.0
30.0
29.0
28.0
26.0
27.0
26.0
26.0
28.0
31.0
32.0
33.0
35.0
36.0
38.0
38.0
39.0
39.0
39.0
38.0
37.0
35.0
33.0
31.0
30.0
29.0
29.0
28.0
29.0
28.0
29.0
28.0
31.0
31.0
31.0
32.0
35.0
35.0
36.0
36.0
34.0
34.0
33.0
32.0
32.0
30.0
30.0
30.0
29.0
28.0
27.0
26.0
25.5
25.0
24.0
23.0
25.0
28.0
30.0
31.0
33.0
34.0
36.0
37.0
37.0
38.0
37.0
37.0
36.0
35.0
33.0
31.0
30.0
30.0
29.0
28.0
28.0
27.0
26.0
26.0
27.0
30.0
32.0
35.0
36.0
36.0
37.0
37.0
36.0
35.0
30.0
27.0
27.0
26.0
26.0
23.0
24.0
24.0
23.0
24.0
23.0
22.0
23.0
23.0
23.0
25.0
28.0
27.0
28.0
29.0
31.0
31.0
32.0
33.0
32.0
30.0
29.0
26.0
25.0
26.0
25.0
25.0
24.0
25.0
25.0
25.0
25.0
25.0
25.0
27.0
29.0
30.0
31.0
32.0
35.0
34.0
35.0
36.0
34.0
34.0
33.0
31.0
29.0
28.0
27.0
26.0
26.0
26.0
25.0
25.0
25.0
23.0
26.0
28.0
30.0
30.0
31.0
32.0
34.0
34.0
34.8
35.0
34.1
33.0
31.4
30.0
28.8
27.9
27.0
26.2
25.6
25.0
24.5
24.0
23.0
23.0
25.0
27.0
30.0
32.0
33.0
35.0
36.0
35.0
35.0
35.8
36.0
35.0
34.0
32.0
30.0
28.0
27.0
26.0
25.0
24.0
23.0
22.0
22.0
22.0
22.0
26.0
30.0
33.0
34.0
35.0
36.0
36.0
37.0
36.0
37.0
36.0
35.0
32.0
29.0
28.0
24.0
23.0
21.0
21.0
20.0
21.0
20.0
19.0
21.0
26.0
29.0
33.0
36.0
36.0
37.0
38.0
39.0
38.0
38.0
37.0
36.0
32.0
30.0
29.0
25.0
24.0
24.0
21.0
21.0
22.0
22.0
21.0
25.0
27.0
30.0
34.0
38.0
40.0
40.0
41.0
41.0
41.0
41.0
39.0
37.0
35.0
32.0
29.0
28.0
28.0
26.0
25.0
23.0
23.0
23.0
23.0
25.0
29.0
31.0
35.0
37.0
38.0
39.0
40.0
41.0
41.0
40.0
39.0
36.0
33.0
30.0
28.0
28.0
27.0
25.0
24.0
23.0
23.0
22.0
23.0
26.0
29.0
33.0
35.0
37.0
38.0
38.0
40.0
40.0
40.0
40.0
39.0
37.0
34.0
33.0
31.0
31.0
30.0
30.0
30.0
30.0
29.0
29.0
28.0
29.0
30.0
31.0
34.0
36.0
36.0
38.0
37.0
34.0
27.0
21.0
25.0
26.0
26.0
26.0
27.0
26.0
25.0
23.0
24.0
25.0
25.0
26.0
25.0
25.0
26.0
30.0
32.0
33.0
34.0
34.0
26.0
32.0
32.0
31.0
30.0
28.0
27.0
26.0
26.0
25.0
23.0
23.0
23.0
22.0
23.0
22.0
21.0
23.0
26.0
30.0
33.0
35.0
36.0
37.0
38.0
38.0
38.0
38.0
37.0
35.0
33.0
32.0
31.0
30.0
28.0
27.1
27.3
27.4
26.5
25.6
25.8
26.9
29.0
33.0
34.0
34.0
34.0
35.0
36.0
37.0
34.0
34.1
29.3
27.4
27.6
27.7
27.2
26.8
26.3
25.8
25.3
24.9
24.4
23.8
23.8
24.4
27.7
29.4
31.1
32.2
34.4
35.0
36.6
37.2
35.0
27.7
30.0
31.1
29.4
29.4
28.3
27.7
27.7
26.6
26.6
25.5
26.6
25.5
26.6
26.1
27.2
28.3
29.4
31.1
33.8
35.0
34.4
33.8
32.2
29.4
27.7
27.2
25.0
22.2
22.7
22.2
22.2
21.6
23.3
22.2
22.2
21.1
20.0
20.0
20.0
21.1
21.6
23.3
24.4
25.5
26.1
26.6
27.2
27.2
27.2
26.1
26.1
23.8
23.3
23.8
23.3
23.3
23.8
22.7
22.2
22.2
21.6
22.2
22.7
25.0
26.6
27.7
28.8
30.0
31.1
31.6
31.6
31.6
31.6
30.5
29.4
28.3
28.3
26.1
24.4
23.3
23.8
24.4
22.7
22.2
20.5
22.2
24.4
25.5
27.2
28.8
31.1
31.6
33.3
32.7
33.8
34.4
33.3
31.6
30.0
28.8
28.3
26.1
25.0
25.0
24.4
23.3
23.3
23.3
22.7
24.4
26.6
29.4
31.1
33.3
35.5
35.5
35.5
36.6
37.2
36.1
33.8
29.4
30.0
30.5
28.8
30.0
28.8
27.2
27.7
26.1
26.1
26.1
25.5
26.1
28.8
31.6
32.7
34.4
36.1
36.1
36.6
37.2
37.7
37.2
36.1
34.4
33.8
33.3
30.0
28.3
27.7
26.6
26.6
26.6
26.1
25.0
23.8
25.0
27.7
30.0
32.2
33.3
35.0
36.6
37.2
38.3
38.3
36.6
36.1
35.5
33.8
32.2
29.4
28.3
27.2
26.1
26.1
26.1
26.1
24.4
24.4
25.0
28.3
31.1
32.7
33.8
35.5
36.1
36.6
35.5
32.7
32.2
31.6
30.5
29.4
28.3
27.2
27.2
26.1
25.0
23.8
22.7
22.7
22.2
22.7
23.8
26.1
28.8
31.6
33.3
33.3
34.4
35.0
36.1
35.0
33.8
32.2
22.7
23.3
23.3
23.8
23.3
22.7
22.7
22.2
23.3
22.2
22.7
21.6
21.6
25.5
27.7
30.0
31.1
32.2
32.7
33.3
30.5
29.4
30.0
29.4
27.2
26.1
26.6
26.6
25.0
25.0
24.4
24.4
22.7
22.2
22.7
22.2
23.8
27.2
29.4
31.6
32.7
33.8
34.4
33.8
35.5
35.6
34.4
33.3
31.1
29.4
28.3
27.2
27.7
26.1
25.0
24.4
23.8
23.3
22.7
22.2
23.8
25.0
27.7
29.4
29.4
31.6
32.7
31.6
32.7
32.2
31.6
26.1
26.6
26.6
25.0
24.4
25.5
24.4
23.8
23.3
21.1
21.1
20.0
19.4
20.5
23.3
25.5
26.6
28.8
30.0
31.1
31.6
31.6
32.2
31.1
30.0
28.8
27.2
26.1
25.5
22.7
21.6
21.1
20.5
20.0
19.4
19.4
17.7
18.8
22.2
25.0
27.7
30.0
31.6
32.2
32.2
32.7
32.7
32.2
31.6
30.0
28.8
26.6
26.1
22.7
21.1
20.5
20.0
18.8
19.4
20.0
19.4
20.5
22.7
26.6
31.1
33.3
33.3
35.0
33.8
35.0
34.4
33.8
33.3
32.2
31.1
28.8
28.3
26.1
23.3
23.8
25.0
22.2
22.2
27.2
25.5
25.5
27.7
30.5
32.2
32.7
34.4
35.0
34.4
31.6
34.4
34.4
33.3
30.5
31.1
28.8
30.0
29.4
30.0
27.8
27.2
26.1
25.5
25.0
25.5
25.5
27.2
30.0
32.7
33.3
34.4
35.0
35.5
36.1
35.5
35.0
34.4
32.7
30.5
29.4
28.8
28.3
26.1
25.5
25.5
25.5
26.1
26.1
25.5
24.4
26.1
28.3
31.1
32.8
34.4
35.5
35.5
36.1
35.0
34.4
33.8
32.7
31.1
28.3
26.6
25.5
24.4
23.8
23.8
23.8
23.8
23.8
24.4
23.8
25.0
28.3
31.1
32.7
32.7
33.8
33.8
34.4
35.0
34.4
33.3
30.5
26.6
28.3
25.0
24.4
23.8
23.3
22.7
22.2
21.6
20.0
20.0
21.1
22.2
23.8
23.8
25.0
26.1
27.7
27.7
28.8
28.3
26.1
24.4
23.8
22.7
22.2
21.1
20.0
20.0
18.8
17.7
17.8
17.8
17.2
16.6
18.3
22.2
23.8
25.0
27.2
28.3
30.5
31.6
32.2
32.7
32.2
31.1
28.8
27.7
27.2
26.1
23.8
23.3
22.2
20.5
20.0
20.0
20.5
19.4
20.5
23.3
26.1
27.7
29.4
31.1
32.2
32.7
33.8
34.4
33.8
32.2
30.5
29.4
28.3
27.2
25.5
25.0
23.3
22.7
23.3
22.7
21.6
21.6
21.1
23.8
26.1
28.3
28.9
31.1
32.7
33.3
33.8
33.8
32.2
31.6
31.1
29.4
27.7
25.5
25.5
25.5
25.0
24.4
24.4
23.8
23.8
23.3
23.3
24.4
26.1
28.8
28.8
31.6
32.2
31.6
32.2
31.6
28.8
28.8
21.6
24.4
24.4
24.4
22.2
21.6
21.1
21.1
20.5
20.0
20.0
18.3
19.4
23.3
26.6
27.7
29.4
31.1
32.2
33.3
33.8
34.4
33.3
32.2
30.5
28.8
27.7
26.1
25.0
23.3
22.2
21.1
21.1
20.0
20.0
20.0
19.4
23.8
26.6
29.4
32.2
32.7
35.0
35.5
36.1
36.1
35.5
34.4
31.1
30.0
28.8
25.5
24.4
22.7
22.7
22.2
21.6
22.2
21.1
21.1
21.1
23.8
27.2
30.5
33.3
34.4
35.0
37.2
37.7
36.6
36.6
34.4
32.2
30.0
28.8
25.0
24.4
22.7
21.6
21.1
22.2
20.0
21.6
20.5
21.6
26.1
29.4
30.5
32.2
33.8
35.0
35.5
35.5
35.5
35.0
32.7
30.5
30.0
28.3
25.6
25.0
23.3
23.3
22.7
22.2
21.1
21.6
20.0
22.7
25.5
28.8
31.1
32.7
33.8
34.4
35.0
35.5
34.4
33.8
31.6
28.8
27.7
26.1
25.8
25.5
25.2
24.9
24.6
24.3
24.0
23.0
23.0
24.0
26.0
29.0
32.0
34.0
35.0
37.0
37.0
33.6
30.0
33.0
32.0
31.0
29.0
28.0
28.0
27.0
27.0
26.0
27.0
25.0
26.0
26.0
25.0
25.0
26.0
30.0
31.0
33.0
34.0
34.0
35.0
35.0
34.0
31.0
33.0
30.0
27.0
26.0
29.0
26.0
26.0
26.0
24.0
23.0
23.0
22.0
22.0
23.0
26.0
28.0
29.0
31.0
32.0
33.0
33.0
34.0
35.0
34.0
33.0
31.0
30.0
30.0
27.0
28.0
26.0
23.0
24.0
21.0
21.0
21.0
20.0
21.0
25.0
27.0
29.0
30.0
32.0
33.0
33.0
34.0
34.0
34.0
33.0
31.0
28.0
27.0
24.0
23.0
23.0
21.0
21.0
20.0
20.0
19.0
19.0
19.0
24.0
26.0
29.0
31.0
33.0
34.0
34.0
34.0
34.0
34.0
32.0
29.0
27.0
24.0
24.0
23.0
21.0
21.0
20.0
19.0
20.0
19.0
19.0
21.0
24.0
28.0
30.0
32.0
34.0
35.0
35.0
35.0
35.0
34.0
32.0
30.0
26.0
26.0
26.0
26.0
25.0
22.0
25.0
23.0
22.0
23.0
24.0
24.0
24.8
25.5
25.6
25.0
24.0
26.0
27.0
19.0
20.0
20.0
20.0
19.0
19.0
19.0
18.0
18.0
16.0
16.0
16.0
14.4
13.0
13.0
12.0
12.2
15.2
18.0
20.0
22.0
23.0
24.0
25.0
26.0
26.0
25.0
23.0
22.0
21.0
20.0
19.0
17.0
16.0
15.0
14.0
14.0
14.0
14.0
14.0
15.0
19.0
22.0
25.0
27.0
29.0
31.0
32.0
32.0
33.0
32.0
29.0
28.0
27.0
24.0
22.0
21.0
20.0
19.0
18.0
18.0
18.0
18.0
16.0
19.0
23.0
26.0
29.0
31.0
33.0
34.0
35.0
35.0
34.0
33.0
32.0
29.0
27.0
23.0
23.0
20.9
19.0
19.0
19.0
18.0
18.0
18.0
17.0
18.0
19.0
20.0
22.0
23.0
24.0
24.0
23.0
23.0
22.0
21.0
19.0
18.0
17.0
15.0
15.0
14.0
13.0
12.0
9.0
8.0
8.0
7.0
7.0
8.0
12.0
14.0
16.0
17.0
17.0
18.0
19.0
19.0
19.0
18.0
17.0
16.0
15.0
14.0
14.0
10.0
10.0
8.0
10.0
8.0
10.0
8.0
9.0
8.0
14.0
18.0
20.0
22.0
23.0
25.0
25.0
26.0
26.0
26.0
23.0
23.0
20.0
16.0
15.0
15.0
16.0
17.0
17.0
16.0
16.0
16.0
16.0
16.0
20.0
24.0
26.0
28.0
28.0
30.0
31.0
31.0
31.0
31.0
28.0
26.0
25.0
21.0
19.0
21.0
20.0
21.0
20.0
18.0
16.0
17.0
15.0
17.0
20.0
24.0
26.0
28.0
30.0
30.0
31.0
31.0
31.0
30.0
29.0
26.0
25.0
22.0
20.0
20.0
19.0
19.0
20.0
18.0
17.0
17.0
19.0
20.0
23.0
24.0
27.0
29.0
29.0
30.0
31.0
31.0
31.0
30.0
27.0
26.0
24.0
22.0
23.0
22.0
21.0
20.0
21.0
18.0
17.0
18.0
18.0
19.0
21.0
24.0
26.0
28.0
29.0
30.0
31.0
30.0
30.0
30.0
28.0
24.0
21.0
21.0
19.0
19.0
18.0
18.0
17.0
14.0
14.0
16.0
15.0
15.0
18.0
22.0
26.0
28.0
29.0
30.0
31.0
30.0
30.0
30.0
27.0
25.0
22.0
20.0
19.0
19.0
18.0
18.0
19.0
16.0
16.0
14.0
14.0
16.0
19.0
23.0
26.0
28.0
29.0
29.0
30.0
30.0
26.0
28.0
26.0
24.0
24.0
20.0
20.0
19.0
16.0
16.0
15.0
15.0
14.0
14.0
15.0
15.0
19.0
23.0
24.0
26.0
27.0
29.0
28.0
27.0
27.0
28.0
26.0
23.0
20.0
19.0
18.0
18.0
17.0
17.0
17.0
17.0
18.0
17.0
16.0
15.0
19.0
22.0
25.0
24.0
21.0
24.0
25.0
22.0
25.0
24.0
22.0
22.0
22.0
22.0
19.0
18.0
17.0
16.0
16.0
15.0
14.0
14.0
13.0
14.0
16.0
18.0
20.0
22.0
20.7
19.0
16.0
16.0
15.0
14.0
15.0
13.0
12.0
12.0
12.0
12.0
12.0
12.0
11.0
12.0
11.0
11.0
10.0
11.0
14.0
16.0
18.0
19.0
21.0
22.0
22.0
23.0
24.0
24.0
22.0
21.0
20.0
18.0
16.0
16.0
15.0
16.0
15.0
15.0
14.0
13.0
13.0
12.0
17.0
18.0
20.0
22.0
22.0
22.0
21.0
21.0
22.0
21.0
20.0
19.0
18.0
17.0
16.0
15.0
13.0
12.0
10.0
9.0
7.0
7.0
5.0
5.0
8.0
11.0
13.0
14.0
15.0
16.0
16.0
17.0
17.0
16.0
15.0
14.0
13.0
12.0
12.0
9.0
8.0
7.0
9.0
7.0
7.0
7.0
8.0
9.0
12.0
14.0
16.0
18.0
18.0
19.0
20.0
20.0
22.0
21.0
19.0
18.0
16.0
15.0
13.0
12.0
12.0
14.0
13.0
13.0
13.0
12.0
11.0
13.0
14.0
16.0
20.0
19.0
20.0
20.0
20.0
21.0
21.0
21.0
18.0
15.0
15.0
14.0
14.0
13.0
12.0
11.0
12.0
11.0
10.0
10.0
10.0
10.0
13.0
16.0
19.0
20.0
21.7
23.0
23.0
23.0
24.0
23.0
21.0
20.0
19.0
18.0
15.0
14.0
13.0
11.0
11.0
10.7
10.4
10.2
10.0
10.0
13.0
16.0
19.0
21.0
23.0
24.0
25.0
25.0
24.0
24.0
22.0
20.0
18.0
18.0
15.0
14.0
13.0
12.0
12.0
10.0
9.0
9.0
9.0
9.0
14.0
17.0
19.0
20.0
22.0
23.0
24.0
24.0
25.0
24.0
21.0
19.0
19.0
17.0
15.0
14.0
12.0
12.0
11.0
12.0
10.0
10.0
10.0
10.0
14.0
18.0
21.0
22.0
24.0
24.0
27.0
28.0
28.0
27.0
23.0
20.0
21.0
15.0
15.7
16.4
17.1
17.9
18.6
19.3
20.0
20.0
18.0
20.0
19.0
21.0
23.0
25.0
26.0
28.0
28.0
29.0
28.0
26.0
24.0
22.0
21.0
18.0
18.0
16.0
15.0
15.0
14.0
14.0
15.0
16.0
16.0
16.0
19.0
22.0
23.0
24.0
25.0
26.0
27.0
26.0
26.0
25.0
24.0
22.0
21.0
20.0
20.0
19.0
19.0
17.0
17.0
16.0
16.0
16.0
16.0
15.0
16.0
16.0
17.0
18.0
18.0
18.0
18.0
18.0
18.0
17.0
16.0
15.0
14.0
13.0
12.0
11.0
10.0
9.0
7.0
7.0
7.0
6.0
6.0
5.0
9.0
12.0
14.0
15.3
16.0
17.0
18.0
19.0
19.0
18.0
17.0
15.0
14.0
12.0
11.0
9.0
8.0
8.0
7.0
7.0
7.0
7.0
6.0
6.0
10.0
13.0
16.0
18.0
20.0
22.0
22.0
23.0
22.0
21.0
18.0
17.0
16.0
13.8
12.0
10.0
10.0
8.0
9.0
9.0
10.0
8.0
7.0
9.0
12.0
16.0
17.0
21.0
22.0
24.0
25.0
25.0
25.0
24.0
21.0
19.0
17.0
15.0
12.0
11.0
10.0
9.0
9.0
9.0
8.0
7.0
8.0
8.0
11.0
15.0
18.0
21.0
22.0
23.0
24.0
23.0
22.0
20.0
18.0
17.0
16.0
14.0
13.0
11.0
11.0
10.0
10.0
8.0
8.0
9.0
8.0
9.0
10.0
16.0
17.0
20.0
22.0
23.0
24.0
25.0
25.0
24.0
21.0
19.0
18.0
15.0
12.0
11.0
11.0
11.0
10.0
10.0
11.0
9.0
9.0
10.0
14.0
18.0
21.0
24.0
26.0
27.0
28.0
28.0
28.0
27.0
24.0
22.0
19.5
17.0
16.0
14.0
13.0
13.0
12.0
13.0
13.0
12.0
14.0
14.0
18.0
21.0
23.0
25.0
26.0
26.0
27.0
26.0
25.0
22.0
19.0
17.0
17.0
18.0
18.0
17.0
16.5
16.4
15.4
15.9
15.9
15.4
16.3
16.3
18.3
20.8
21.8
22.7
23.7
24.7
25.2
23.6
22.1
20.1
18.6
17.6
17.5
18.0
18.0
18.0
18.0
18.0
17.0
17.0
17.0
17.0
17.0
17.0
17.0
19.0
19.0
19.0
20.0
22.0
22.0
20.0
18.0
17.0
17.0
17.0
17.0
17.0
17.0
17.0
17.0
17.0
17.0
17.0
17.0
17.0
17.0
16.0
16.0
17.0
17.0
18.0
18.0
18.0
19.0
18.3
17.7
17.0
16.8
16.7
16.5
16.3
16.7
16.0
16.0
15.0
15.0
15.0
14.0
14.0
14.0
14.0
14.0
15.0
15.0
16.0
17.7
19.0
20.0
20.0
20.0
19.0
18.0
17.0
16.0
15.0
15.0
13.0
13.0
12.0
12.0
12.0
11.0
10.0
10.0
9.0
11.0
14.0
15.0
17.0
18.0
19.0
20.0
20.0
21.0
21.0
17.0
17.0
14.0
13.0
12.0
11.0
11.0
11.0
10.0
10.0
10.0
10.0
10.0
11.0
12.0
15.0
17.0
18.0
19.0
18.0
18.0
18.0
18.0
18.0
16.0
15.0
14.0
13.0
13.0
12.0
12.0
10.0
9.0
10.0
8.0
8.0
7.0
7.0
9.0
11.0
13.0
14.0
15.0
16.0
17.0
17.0
17.0
16.0
14.0
13.0
13.0
12.0
10.0
10.0
10.0
9.0
8.0
8.0
7.0
7.0
6.0
6.0
8.0
12.0
15.0
16.0
18.0
18.0
20.0
21.0
21.0
20.0
18.0
16.0
15.0
15.0
11.0
11.0
11.0
11.0
10.0
12.0
11.0
14.0
14.0
14.0
16.0
18.0
23.0
24.0
25.0
26.0
26.0
27.0
27.0
25.0
22.0
20.0
17.0
16.0
18.0
18.0
16.0
16.0
16.0
16.0
13.0
11.0
13.0
12.0
15.0
18.0
22.0
23.0
26.0
26.0
27.0
27.0
27.0
26.0
22.0
20.0
20.0
16.0
14.0
14.0
13.0
13.0
12.0
12.0
11.0
11.0
11.0
11.0
14.0
18.0
20.0
22.0
23.0
25.0
25.0
25.0
25.0
24.0
20.0
19.0
16.0
15.0
15.0
15.0
14.0
15.0
13.0
12.0
13.0
16.0
15.0
16.0
17.0
18.0
20.0
20.0
16.0
16.0
16.0
15.0
15.0
14.0
13.0
12.0
11.0
10.0
8.8
8.0
8.0
5.0
4.0
2.0
3.0
1.0
0.0
0.0
2.0
5.0
7.7
10.0
11.0
12.0
14.0
14.0
14.0
13.0
11.0
9.0
8.0
5.0
3.0
4.0
5.0
3.0
5.0
5.0
6.0
4.0
3.0
4.0
7.0
9.0
9.0
12.0
12.0
14.0
20.0
20.0
20.0
18.0
17.0
14.0
12.0
12.0
12.0
11.0
9.0
8.0
9.0
10.0
10.0
10.0
9.0
9.0
10.0
12.0
14.0
15.0
15.0
16.0
16.0
17.0
17.0
17.0
16.0
15.0
15.0
14.0
12.0
12.0
12.0
12.0
12.0
10.0
10.0
11.0
10.0
9.0
10.0
13.0
15.0
15.0
18.0
18.0
18.8
19.0
19.0
18.0
15.0
14.0
14.0
12.0
11.0
11.0
10.9
8.9
9.8
8.8
8.8
8.7
7.7
7.6
11.6
16.5
17.5
20.5
21.4
23.4
24.3
25.3
24.3
22.2
18.2
17.1
15.1
13.0
11.0
10.0
8.9
8.9
8.8
8.8
9.8
8.7
8.7
9.6
11.6
13.5
16.5
19.5
21.4
22.4
23.3
24.3
23.3
22.2
19.2
16.1
14.1
11.0
11.0
13.0
11.0
11.0
10.0
10.0
10.0
10.0
10.0
9.0
10.0
13.0
16.0
18.0
20.0
21.0
22.0
22.0
22.0
21.0
19.0
15.0
12.0
10.0
10.0
10.0
11.0
12.0
9.0
9.0
9.0
8.0
8.0
9.0
10.0
13.0
16.0
20.0
22.0
23.0
24.0
25.0
24.0
23.0
17.0
14.0
14.0
11.0
10.4
9.9
9.3
8.7
8.1
7.6
7.0
7.0
9.0
8.0
8.0
13.0
17.0
20.0
21.7
23.0
23.4
23.6
23.0
21.0
18.0
12.0
11.0
11.0
10.0
10.0
9.0
10.0
9.0
8.0
8.0
8.0
9.0
8.0
9.0
13.0
17.0
21.0
22.0
24.0
24.0
25.0
23.0
22.0
20.0
19.0
17.0
17.0
14.0
12.0
12.0
11.0
12.0
13.0
12.0
10.0
10.0
11.0
12.0
15.0
17.0
19.0
20.0
20.0
21.0
21.0
21.0
19.0
16.0
15.0
14.0
12.3
11.0
9.0
8.0
7.0
5.0
4.0
4.0
3.0
3.0
3.0
3.0
8.0
10.0
12.0
14.0
15.0
16.0
16.0
15.0
14.0
13.0
12.0
10.0
8.0
4.0
4.0
3.0
3.0
3.0
0.0
-1.0
3.0
2.0
-1.0
2.0
7.0
9.0
10.0
13.0
15.0
16.0
16.0
16.0
14.0
11.0
11.0
5.0
4.0
2.0
1.0
1.0
0.0
-1.0
1.0
0.0
0.0
1.0
-1.0
2.0
6.0
9.0
12.0
13.0
14.0
15.0
16.0
16.0
14.0
11.0
10.0
8.0
7.0
3.0
2.0
1.0
0.0
0.0
-1.0
-1.0
-1.1
-1.0
1.0
3.0
6.0
10.0
12.0
13.7
15.0
16.0
16.0
16.0
14.0
12.0
10.0
8.0
6.0
4.0
4.0
3.6
3.0
1.0
3.0
4.0
2.0
2.0
2.0
3.0
10.0
13.0
16.0
16.0
18.0
19.0
20.0
19.0
17.0
14.0
11.0
7.0
8.0
6.0
9.0
9.0
9.0
9.0
9.0
9.0
9.0
8.0
8.0
9.0
10.0
14.0
17.0
19.0
20.0
22.0
22.0
21.0
19.0
15.0
14.0
11.0
9.0
8.0
7.0
7.0
6.0
5.0
6.0
6.0
6.0
7.0
4.0
7.0
11.0
15.0
18.0
21.0
21.0
21.0
21.0
20.0
18.0
17.0
17.0
12.0
12.0
10.9
10.0
9.0
8.6
8.5
8.3
8.2
8.0
9.0
10.0
9.0
13.0
14.0
15.0
17.0
18.0
19.0
20.0
20.0
18.0
15.0
15.0
13.0
12.0
11.0
10.0
11.0
11.0
12.0
11.0
12.0
13.0
12.0
13.0
13.0
15.0
17.0
18.0
19.0
20.0
20.0
20.0
19.0
18.0
17.0
16.0
15.0
15.0
13.0
12.0
12.0
12.0
12.0
11.0
11.0
10.0
10.0
9.0
9.0
9.0
11.0
13.0
14.0
15.0
16.0
16.0
16.0
15.0
13.0
12.0
9.0
8.0
8.0
7.0
6.0
4.0
4.0
4.0
3.0
2.0
2.0
1.0
3.0
8.0
11.0
12.0
14.0
15.0
16.0
17.0
16.0
14.0
12.0
10.0
11.0
8.0
6.0
6.0
6.0
6.0
5.0
6.0
6.0
6.4
7.0
6.0
4.0
10.0
13.0
16.0
17.0
18.0
15.0
14.0
13.0
12.0
11.0
10.0
9.0
9.0
6.0
4.0
5.0
4.0
4.0
5.0
3.0
3.0
2.0
1.0
2.0
6.0
10.0
13.0
14.0
14.0
15.0
16.0
15.0
14.0
13.0
11.0
10.0
8.0
6.0
4.0
2.0
2.0
1.0
1.0
1.0
0.9
1.0
1.0
2.0
6.0
9.0
12.0
14.0
15.0
16.0
16.0
16.0
15.0
13.0
12.0
11.0
8.0
6.0
6.0
4.0
4.0
4.0
3.0
4.0
4.0
4.0
3.0
5.0
10.0
11.0
14.0
16.0
17.0
18.0
18.0
18.0
17.0
14.0
13.0
10.0
10.0
9.0
7.0
7.0
8.0
7.0
6.0
5.0
4.0
3.0
4.0
4.0
9.0
12.0
15.0
16.0
17.0
18.0
18.0
18.0
17.0
15.0
12.0
9.0
8.0
7.0
5.0
6.0
6.0
5.0
5.0
6.0
6.0
6.0
6.0
6.0
12.0
15.0
14.0
18.0
20.0
21.0
21.0
21.0
19.0
17.0
16.0
12.0
10.0
8.0
8.0
8.0
7.0
8.0
10.0
7.0
6.0
8.0
11.0
13.0
16.0
19.0
21.0
23.0
24.0
25.0
26.0
25.0
23.0
21.0
18.0
16.0
14.0
12.0
13.0
13.0
14.0
11.0
10.0
13.0
9.0
11.0
9.0
11.0
13.0
17.0
22.0
24.0
24.0
25.0
26.0
25.0
24.0
20.0
18.0
17.0
14.0
12.0
10.0
10.0
10.0
10.0
10.0
10.0
11.0
10.0
9.0
10.0
14.0
18.0
20.0
20.0
22.0
22.0
23.0
23.0
21.0
18.0
17.0
14.0
12.0
11.0
9.8
9.0
8.0
8.0
7.0
7.0
9.0
8.0
7.0
10.0
15.0
19.0
22.0
21.0
23.0
24.0
24.0
23.0
22.0
19.0
15.0
13.0
11.0
11.0
10.0
11.0
10.0
12.0
10.0
11.0
9.0
9.0
9.0
11.0
16.0
18.0
21.0
23.0
25.0
26.0
26.0
26.0
24.0
20.0
18.0
16.0
13.0
12.0
11.0
10.0
9.0
10.0
9.0
8.0
8.0
9.0
8.0
8.0
13.0
18.0
20.0
22.0
23.0
23.0
23.0
23.0
23.0
20.0
18.0
17.0
15.0
15.0
14.0
11.0
10.0
9.0
8.0
8.0
7.0
6.0
6.0
7.0
11.0
14.0
16.0
18.0
19.0
19.0
20.0
19.0
19.0
16.0
14.0
12.9
12.2
11.7
12.1
11.0
10.4
9.8
9.2
8.6
8.6
8.6
9.0
9.0
10.0
12.3
14.5
17.7
18.3
19.4
19.8
18.7
18.6
14.7
14.2
13.5
11.9
9.5
9.0
9.0
8.0
7.0
7.0
7.0
7.0
6.0
6.0
6.0
11.0
14.0
17.0
18.0
19.0
19.0
20.0
19.0
18.0
16.0
15.0
14.0
10.0
8.0
7.0
6.0
5.0
5.0
6.0
5.0
4.0
4.0
4.0
7.0
10.0
13.0
16.0
19.0
20.0
21.0
21.0
20.0
18.8
16.6
15.0
14.0
11.0
9.0
8.0
7.0
6.0
7.0
7.0
7.0
7.0
6.0
8.0
8.0
9.0
13.0
15.0
17.0
19.0
20.0
21.0
21.0
20.0
18.0
16.0
16.0
15.0
13.0
14.0
