10.6
5.0
5.0
6.0
7.0
8.0
8.0
8.0
7.0
10.0
15.0
18.0
20.0
20.0
20.0
20.0
20.0
18.0
16.0
15.0
15.0
15.0
15.0
14.0
15.0
15.0
15.0
16.0
16.0
16.0
16.0
16.0
16.0
17.0
19.0
22.0
22.0
22.0
23.0
23.0
22.0
21.0
18.0
17.0
16.0
16.0
15.0
15.0
16.0
16.0
16.0
16.0
16.0
16.0
16.0
16.0
16.0
17.0
19.0
22.0
22.2
22.0
24.0
24.0
22.0
21.0
20.0
19.0
18.9
19.0
19.0
18.0
18.5
19.0
19.0
18.0
18.0
18.0
18.0
18.0
18.0
18.0
19.0
20.0
20.0
21.0
20.0
19.8
19.0
20.0
19.0
18.8
19.0
19.0
19.0
19.0
18.0
18.0
18.0
18.0
18.0
19.0
20.0
20.0
20.0
21.0
22.0
23.0
24.2
25.0
26.0
27.0
26.0
25.0
23.0
22.0
21.0
20.0
19.0
19.0
19.0
19.0
21.0
20.0
20.0
20.0
20.0
20.0
20.0
20.5
21.0
23.0
23.0
24.0
24.0
23.0
23.0
21.0
20.0
20.0
19.0
17.0
17.0
17.0
17.0
16.0
16.0
16.0
17.0
15.0
13.0
11.0
10.0
9.0
10.0
11.0
10.0
10.0
10.0
10.0
9.0
8.8
8.0
8.0
8.0
8.0
8.0
7.0
7.0
6.0
6.0
6.0
6.0
6.0
6.4
7.0
7.0
8.0
9.0
11.0
12.0
13.0
14.0
15.0
15.0
14.3
13.0
11.0
9.0
9.0
9.0
8.0
7.0
7.0
6.0
6.0
5.0
4.0
5.0
5.0
6.0
8.0
11.0
14.0
16.0
17.0
18.0
19.0
19.0
17.0
14.0
13.0
13.0
13.0
12.9
13.0
11.0
11.0
12.0
13.0
14.0
12.0
11.0
12.0
12.0
16.0
20.0
22.0
22.0
23.0
23.0
23.0
22.6
22.0
20.0
18.0
18.0
17.0
16.0
15.0
15.0
15.0
15.0
15.0
16.0
16.0
16.0
15.0
15.5
17.0
19.0
21.0
22.0
23.0
23.0
23.0
22.0
22.0
21.0
20.0
20.0
19.0
20.0
20.0
20.0
20.0
21.0
21.0
21.0
20.0
19.0
18.0
18.0
19.0
20.0
22.0
24.0
24.6
24.8
25.0
25.0
24.0
23.0
22.0
21.0
20.0
20.0
19.0
18.9
18.9
19.0
19.0
19.0
19.0
19.0
20.0
20.0
20.0
20.0
20.0
19.2
18.0
16.0
15.0
15.1
15.0
14.0
14.0
14.0
15.0
15.0
17.0
17.0
17.0
17.0
17.0
17.0
17.0
17.0
17.0
17.0
18.0
18.0
19.0
19.0
18.0
19.0
18.0
18.0
18.0
18.0
17.0
17.0
17.0
15.0
14.0
13.0
13.0
13.0
11.0
10.0
9.0
7.0
7.0
6.5
7.0
6.0
7.0
8.0
10.0
11.0
13.0
14.0
14.0
12.0
11.0
10.0
9.0
8.0
7.0
6.0
6.0
5.0
5.0
6.0
6.0
7.0
6.0
6.0
11.0
15.0
18.0
19.2
20.0
20.5
21.0
21.0
20.0
18.0
17.0
16.0
15.0
13.9
13.0
13.0
13.0
14.0
15.0
13.0
12.0
11.0
10.0
10.0
11.5
13.0
15.0
16.7
18.0
19.0
19.0
18.6
18.0
16.0
14.0
13.0
12.0
13.0
14.0
14.0
15.0
16.0
17.0
18.0
17.0
18.0
19.0
19.0
20.0
21.0
21.0
22.0
22.0
23.0
23.0
24.0
24.0
21.0
18.0
17.0
16.0
17.0
16.0
15.0
14.0
13.0
11.0
11.0
10.0
8.9
8.0
7.5
8.0
10.0
12.0
14.0
15.0
16.0
17.0
16.0
15.3
14.0
13.0
12.0
11.0
10.0
10.0
10.0
9.0
9.0
10.0
11.0
11.0
12.0
12.0
12.0
13.0
16.0
18.0
19.2
20.0
21.0
20.0
20.0
20.0
19.0
18.0
18.0
18.0
19.0
19.0
19.0
19.0
19.0
19.0
19.0
19.0
19.0
19.0
19.0
20.0
21.0
23.0
23.2
23.0
23.0
23.0
23.0
22.0
22.0
21.0
20.0
19.5
19.0
19.0
20.0
20.0
19.0
18.0
18.0
17.0
16.0
16.0
16.0
14.0
14.0
14.0
14.0
13.0
12.0
12.0
12.0
11.0
10.4
10.0
10.0
10.0
9.0
9.0
9.0
8.0
8.0
8.0
8.0
8.0
8.0
8.0
8.0
8.0
9.0
10.0
11.0
13.0
14.0
15.0
15.1
15.0
13.0
11.8
11.0
11.0
11.0
10.0
9.0
8.0
8.0
7.0
7.0
7.0
6.0
6.0
6.0
8.0
10.0
12.0
13.0
14.0
15.0
15.0
16.0
16.0
14.0
11.0
10.0
9.0
8.0
8.0
8.0
7.5
7.0
7.0
7.0
6.0
6.0
7.0
9.0
13.0
15.0
16.6
18.0
18.0
18.0
17.0
17.0
17.0
16.0
15.0
15.0
16.0
15.0
15.0
16.0
16.0
16.0
15.0
15.0
15.0
15.0
15.0
16.0
15.0
16.0
16.0
17.0
18.0
18.5
19.0
19.0
19.0
17.0
16.0
15.0
14.0
13.0
12.0
11.0
10.0
10.0
9.0
8.5
8.0
8.0
7.0
8.0
9.0
10.5
12.0
14.0
15.0
17.0
18.0
18.0
17.8
17.0
14.0
12.0
11.0
10.0
10.0
9.0
7.0
7.0
7.0
7.0
6.0
6.0
5.0
6.0
11.0
14.0
17.0
18.0
19.0
20.0
21.0
20.0
19.0
17.0
15.0
14.0
13.0
13.4
14.0
13.0
12.0
11.0
11.0
11.0
11.0
11.0
11.0
13.0
15.0
18.0
20.0
21.0
22.0
23.0
24.0
24.0
22.0
20.0
18.0
16.9
16.0
15.0
15.0
14.0
13.0
14.0
15.0
15.0
13.0
13.4
14.0
14.0
15.0
17.0
19.3
21.3
23.0
23.0
24.0
24.0
22.0
20.4
19.0
18.0
17.0
15.0
15.0
15.0
15.0
15.0
14.5
14.0
14.0
15.0
16.0
16.0
17.0
18.0
20.0
20.0
20.0
19.0
18.8
18.0
18.0
17.0
16.0
16.0
16.0
15.1
14.1
13.2
12.2
11.3
10.3
9.4
8.9
9.4
9.4
9.4
10.0
10.6
11.1
12.2
12.8
12.8
12.8
12.8
12.2
11.7
11.1
11.1
11.1
11.1
11.1
10.6
10.6
10.6
10.0
10.0
10.0
9.4
10.0
9.4
9.4
10.0
10.6
10.6
12.2
12.8
12.2
12.8
12.2
11.1
10.6
10.0
9.4
8.9
8.3
7.8
6.7
6.7
7.2
6.7
7.2
6.7
6.7
6.1
7.8
9.4
11.7
13.3
13.9
14.4
15.0
14.4
13.3
11.1
9.4
8.9
7.2
6.7
6.1
5.6
5.0
5.6
4.4
3.9
3.9
3.9
3.9
5.0
11.1
14.4
16.7
17.8
18.3
19.4
20.0
19.4
20.0
18.9
17.2
16.1
15.6
14.4
13.9
11.7
11.1
11.1
8.9
9.4
7.8
7.2
7.2
7.8
12.2
15.0
16.1
17.2
18.3
17.8
18.9
18.3
17.2
15.0
12.2
11.1
10.6
10.0
10.0
10.0
10.0
10.0
10.0
10.0
8.9
8.9
10.0
11.1
15.0
18.3
20.0
20.6
22.2
22.2
22.8
23.0
21.7
20.0
17.8
16.7
15.6
15.0
14.4
14.4
13.9
13.9
13.9
13.9
13.9
13.3
13.9
13.9
17.2
20.0
21.7
21.7
21.7
21.7
21.7
21.1
21.1
20.6
20.6
20.0
19.4
19.4
20.0
20.0
20.0
20.0
20.0
20.0
20.0
19.4
19.4
19.4
20.6
21.1
21.1
22.2
22.8
23.9
22.2
22.2
21.7
21.1
21.1
21.1
21.1
21.1
21.1
21.1
21.1
21.1
21.1
20.6
20.6
20.6
20.0
20.6
20.6
13.3
12.2
12.8
13.3
13.9
16.1
16.1
15.6
13.9
13.3
11.7
10.0
8.9
7.8
7.2
6.7
6.1
5.0
3.9
2.8
2.2
1.7
1.7
2.8
4.4
5.6
7.2
9.4
11.1
12.2
11.1
10.6
10.0
9.4
8.9
8.9
8.9
8.9
8.9
8.9
8.9
8.9
8.9
8.9
8.9
8.9
8.3
8.9
9.0
8.9
8.9
9.4
10.0
10.0
10.0
10.0
9.4
9.4
9.4
8.9
9.4
9.4
10.6
10.6
10.6
11.7
12.2
12.8
12.8
13.3
13.9
15.0
15.0
16.0
16.7
18.3
17.8
17.2
17.2
16.7
17.2
17.2
17.2
17.2
17.2
17.2
17.2
17.2
16.7
16.7
16.7
16.7
16.7
16.1
16.7
16.7
17.8
18.9
20.0
22.8
22.2
24.4
23.9
23.3
22.2
21.7
21.1
20.6
20.0
19.4
19.4
18.9
19.4
19.4
20.0
20.0
20.0
20.6
20.6
21.1
22.2
22.8
23.3
24.4
23.9
24.4
24.4
23.9
22.8
21.1
20.6
20.0
20.0
20.6
20.6
20.6
21.1
21.1
21.1
21.1
21.1
21.1
21.1
21.1
22.8
22.8
23.3
23.9
24.4
23.9
23.3
22.8
20.6
20.6
20.6
21.7
21.7
21.7
21.7
21.7
21.7
21.1
21.7
21.1
21.1
13.9
11.1
11.1
12.2
13.9
15.0
16.1
16.1
17.2
16.7
13.9
11.7
11.1
11.1
10.6
10.6
8.9
7.8
7.2
6.7
6.1
6.1
6.1
5.6
5.6
5.6
5.6
5.6
5.6
7.2
10.0
11.1
11.7
12.2
12.2
11.7
10.6
10.0
9.4
9.4
7.8
7.8
7.8
6.1
5.6
5.6
5.0
5.0
3.9
5.0
7.2
9.4
11.1
12.2
13.3
13.9
15.0
15.0
15.0
12.8
11.1
9.4
8.9
8.9
8.9
8.3
8.3
8.3
8.3
8.9
9.4
8.3
9.4
11.7
13.9
17.2
18.9
20.0
19.4
18.9
18.9
18.9
18.3
17.8
16.7
16.1
15.0
15.0
15.0
15.0
14.4
14.4
13.3
13.9
13.9
13.9
15.0
15.6
17.2
20.0
21.7
23.3
22.8
23.3
23.9
23.3
22.2
21.1
20.0
20.0
19.4
18.3
17.8
17.8
17.8
17.8
18.3
18.3
18.3
18.3
18.9
18.9
18.9
20.0
20.6
21.1
22.2
22.8
23.3
23.9
22.8
21.7
20.0
19.4
19.4
19.4
18.9
18.9
18.9
18.3
18.9
18.3
16.7
14.4
13.9
13.9
15.0
16.1
16.7
17.2
17.8
19.0
18.9
19.4
19.4
19.4
18.3
17.8
17.2
17.8
17.8
17.2
17.2
17.2
17.2
16.7
15.6
15.6
15.0
15.0
15.0
16.7
17.2
16.7
17.2
17.8
17.8
17.8
18.3
18.9
18.9
19.4
20.0
20.6
21.1
21.1
21.7
21.7
21.7
21.7
21.7
21.7
21.7
21.7
21.7
22.8
22.8
23.9
24.4
24.4
23.9
24.4
23.3
23.3
22.2
22.2
21.7
21.7
20.0
20.0
20.6
20.6
20.0
20.0
20.0
18.9
19.4
19.4
20.6
22.2
22.8
24.4
25.6
26.1
26.7
26.1
25.6
24.4
22.8
21.1
20.0
18.9
18.3
18.3
18.9
18.9
19.4
18.9
18.3
18.3
17.2
18.3
18.3
18.9
19.4
19.0
20.0
20.6
20.6
20.6
21.7
21.1
20.0
20.0
20.0
19.4
19.4
19.4
19.4
18.9
18.3
18.9
18.9
19.4
20.0
20.6
21.1
22.2
24.4
25.0
26.7
27.2
26.7
27.2
26.1
25.0
22.8
21.7
21.1
20.6
21.1
21.1
21.1
20.6
20.6
20.6
21.1
21.1
21.1
21.1
20.0
20.0
19.4
18.9
20.0
20.0
20.0
18.9
17.8
16.7
16.1
15.6
15.0
14.4
13.9
13.3
12.8
12.2
11.7
11.1
11.6
11.6
11.6
11.6
12.2
12.2
12.7
12.7
12.7
14.4
13.8
15.0
13.8
13.8
12.7
11.6
11.1
10.5
10.0
9.4
8.8
8.8
8.3
8.3
8.3
8.3
8.3
8.3
8.8
8.8
8.8
8.7
8.3
8.3
8.8
8.8
8.8
8.3
7.7
7.5
7.7
7.7
7.4
7.2
7.2
6.6
6.6
6.6
6.1
6.1
6.1
6.1
6.1
6.6
7.7
8.3
8.8
8.8
8.8
8.8
8.3
8.3
8.3
7.7
7.7
7.7
7.7
7.7
7.7
8.3
7.7
8.3
7.7
8.3
8.8
8.8
9.4
10.5
11.1
11.6
13.3
15.0
16.1
16.1
16.1
15.0
15.5
15.5
15.0
15.0
15.0
14.7
14.4
14.6
14.3
14.7
14.4
14.4
14.7
15.4
15.6
16.7
18.3
19.4
20.0
21.6
22.2
22.7
22.2
21.6
21.1
20.0
19.4
19.4
19.4
18.8
18.3
18.3
18.3
18.8
18.8
18.3
18.5
20.0
20.0
21.1
23.8
25.0
26.1
26.1
25.0
25.0
23.8
22.7
22.2
21.6
21.6
21.1
21.6
21.6
22.2
21.6
21.1
21.6
16.6
17.2
17.2
16.6
13.8
9.4
8.3
7.7
6.6
6.6
7.2
8.2
8.8
8.3
7.7
6.6
5.5
5.0
4.4
4.4
3.8
2.7
2.2
1.6
1.6
1.1
0.5
1.1
2.7
5.5
7.2
10.0
11.2
12.2
13.3
13.3
13.8
12.7
11.1
10.5
10.0
8.8
6.6
7.2
6.0
4.9
3.8
3.8
3.3
2.7
2.7
5.5
8.3
10.0
11.1
12.2
12.2
13.8
14.4
14.4
14.4
13.3
11.6
10.5
9.4
8.8
8.8
7.7
7.2
7.2
6.6
6.1
7.2
7.7
7.7
8.8
10.0
13.3
14.4
15.5
16.6
17.7
16.6
17.7
16.6
15.4
13.9
12.7
11.3
10.9
10.6
9.6
10.4
10.0
10.8
10.4
11.2
11.3
13.3
14.3
15.5
17.2
19.5
21.6
21.1
21.4
21.4
21.2
20.5
18.3
17.0
16.1
16.3
16.6
16.0
15.5
15.1
15.1
14.1
14.6
14.7
15.3
15.9
17.0
19.4
21.6
22.2
22.7
23.3
23.7
23.8
22.9
21.6
20.9
19.9
19.2
18.9
18.7
18.5
18.5
18.4
18.4
18.4
18.4
18.7
18.8
16.7
15.7
15.0
16.2
17.1
17.7
18.1
18.4
18.3
19.4
19.1
18.3
16.1
15.5
14.4
14.1
13.8
13.7
13.5
13.3
13.2
13.2
13.3
13.3
12.7
13.3
14.4
15.5
18.3
20.0
21.1
22.2
21.6
21.6
17.2
17.7
16.6
16.1
16.1
15.5
15.0
13.8
13.3
12.7
12.7
12.2
12.7
12.7
13.3
14.4
15.5
16.1
17.2
17.2
17.7
18.3
18.8
18.3
18.3
17.2
16.1
15.5
14.4
13.8
12.7
13.3
12.7
12.2
12.2
12.2
11.6
11.1
11.0
12.2
13.3
14.4
15.0
16.6
17.2
17.7
18.3
18.8
19.4
17.2
16.1
16.1
15.5
14.4
14.4
13.8
13.8
12.7
12.2
12.2
11.6
11.6
12.2
14.4
16.6
18.8
20.5
21.6
22.2
23.3
23.3
23.3
23.8
23.3
21.6
20.0
20.0
16.6
15.5
15.0
14.4
13.8
13.8
13.8
13.3
13.3
13.3
15.5
18.8
21.1
23.3
24.4
25.0
26.1
26.6
25.5
24.4
24.4
21.6
20.0
18.8
18.3
17.2
15.5
15.5
15.2
15.0
14.4
12.7
11.6
13.8
16.1
18.8
21.6
23.3
25.0
26.1
26.6
26.6
26.1
25.5
23.8
21.1
18.8
17.7
17.7
17.2
17.2
17.2
16.6
16.6
16.6
16.1
16.1
17.2
19.4
21.6
22.7
24.5
26.1
26.3
26.4
26.1
25.5
25.5
23.8
22.7
22.2
21.6
20.6
19.7
18.8
18.8
18.8
18.8
18.8
19.4
19.4
20.0
20.5
22.2
23.3
23.8
23.8
23.8
26.1
27.2
27.2
25.0
23.8
21.6
21.1
20.5
20.0
20.0
20.0
20.0
19.4
20.0
20.0
19.4
18.8
19.4
20.5
21.6
23.8
25.5
26.6
27.7
28.8
28.8
28.3
26.6
25.0
22.7
21.6
21.1
21.1
21.1
21.1
21.1
21.1
21.1
21.1
21.1
21.1
21.1
22.2
23.3
24.4
25.0
26.1
26.1
27.7
28.3
28.3
27.2
25.5
23.8
22.7
21.6
20.5
20.5
20.5
21.1
21.1
21.1
20.5
20.5
21.1
21.1
21.5
22.2
22.7
22.7
22.7
23.3
23.3
23.8
23.8
23.3
22.7
22.2
21.6
21.1
21.1
21.1
20.5
20.5
20.0
20.0
20.0
20.0
20.5
20.5
21.1
22.7
25.0
24.4
26.6
26.6
26.6
25.5
25.5
24.4
23.8
22.7
22.7
22.7
22.7
22.7
22.7
22.4
22.0
21.8
21.6
21.6
21.6
21.5
22.7
23.6
24.4
25.0
25.6
25.9
26.1
26.4
26.6
25.0
22.7
22.2
22.2
22.2
22.2
22.2
22.2
22.2
22.2
16.1
16.6
16.6
16.6
16.6
17.2
18.8
20.0
20.7
21.1
23.3
23.8
25.0
25.0
23.8
23.3
22.2
21.6
21.6
21.1
21.1
21.1
20.0
20.5
19.4
18.8
18.8
18.3
18.3
18.3
18.3
18.3
18.3
18.3
16.1
14.4
14.4
12.7
12.7
13.3
13.3
13.8
13.8
13.3
12.7
12.7
12.7
12.7
12.7
12.7
12.7
12.6
12.7
12.3
12.2
12.2
11.6
11.1
11.6
11.9
11.8
11.6
11.6
11.6
11.6
11.6
11.6
11.6
11.6
11.6
11.6
11.6
11.6
11.6
12.2
12.2
12.7
12.7
13.8
14.4
16.1
17.7
18.8
19.4
20.0
18.3
18.3
17.7
17.7
17.2
17.2
16.6
17.2
17.7
17.2
17.2
15.5
15.5
16.1
16.1
15.5
16.1
16.1
17.2
17.7
18.8
17.7
16.6
16.6
16.6
16.6
16.1
16.1
16.1
15.5
15.8
16.2
16.5
16.8
17.1
17.5
17.8
17.2
16.1
16.1
15.6
16.7
17.8
18.9
20.0
21.1
20.6
21.1
19.4
18.9
17.8
16.7
16.1
15.6
15.0
13.9
12.8
11.1
9.4
10.0
10.0
9.4
7.8
9.4
12.2
16.1
18.9
20.0
21.1
21.7
22.2
23.3
22.8
23.3
21.7
17.8
16.1
13.9
13.3
12.2
11.1
10.6
10.1
9.4
9.4
8.9
8.3
9.4
14.4
18.3
20.6
21.7
23.3
23.3
22.8
22.2
22.2
21.1
19.4
17.8
16.1
15.6
15.0
14.4
14.4
13.9
13.9
15.6
16.1
16.7
16.7
17.2
18.9
20.6
21.7
23.3
22.2
22.8
22.8
21.7
22.2
21.1
20.6
20.0
20.0
19.4
19.4
18.9
19.4
19.4
20.0
20.0
20.0
20.0
20.0
20.6
21.1
22.2
22.8
22.8
22.8
22.2
22.2
22.0
22.8
22.2
21.7
22.0
21.1
21.0
21.7
21.7
22.0
21.7
21.7
21.1
21.1
20.6
19.4
19.4
20.0
21.7
22.8
24.4
25.0
25.6
26.1
26.7
26.7
26.1
25.6
24.4
23.3
23.3
20.6
19.4
18.3
17.2
16.7
16.1
15.6
15.0
15.0
15.6
16.7
18.3
20.0
21.7
23.9
25.0
25.6
25.0
25.6
25.6
23.9
22.8
21.1
20.6
19.4
17.2
16.1
17.2
16.7
16.1
16.1
13.9
13.3
15.6
18.9
20.6
21.7
22.8
24.4
26.1
26.7
27.8
27.2
26.7
22.8
20.6
19.4
18.9
18.3
17.2
16.7
16.1
15.0
14.4
15.0
14.4
14.4
16.1
19.4
21.7
23.3
24.4
25.0
25.6
25.0
25.6
23.9
22.8
22.2
20.6
20.0
19.4
20.0
19.4
19.4
19.4
19.4
20.0
20.0
20.0
20.0
20.0
21.1
22.8
23.3
23.9
23.9
24.4
24.4
23.9
22.0
22.2
22.2
22.2
22.8
22.8
22.8
22.8
22.8
22.8
22.8
22.2
22.2
22.2
22.2
22.2
23.3
23.3
20.0
21.7
23.3
26.1
26.7
28.3
28.9
28.3
26.7
24.4
22.8
20.6
20.0
16.7
15.0
14.4
13.3
13.9
12.2
11.7
11.7
13.9
18.3
21.7
23.3
25.0
26.1
26.1
27.2
27.8
26.0
27.2
25.3
22.9
21.0
18.0
16.5
15.6
15.6
15.6
15.6
15.6
15.0
15.0
15.6
16.7
20.0
23.3
26.1
27.2
28.9
28.9
28.9
29.4
29.4
28.3
27.2
25.6
23.9
22.8
21.1
20.0
18.9
17.2
16.7
16.7
15.6
15.0
15.0
16.1
17.8
19.4
20.6
21.7
23.3
23.9
24.4
25.0
25.6
25.0
23.9
21.7
21.1
20.0
18.9
18.3
17.2
17.8
16.7
16.1
16.1
15.6
15.6
17.2
19.4
20.0
21.1
21.7
22.2
23.3
23.3
23.3
22.8
21.7
21.1
20.0
18.9
18.3
16.7
16.1
15.0
15.0
13.9
13.9
13.9
14.4
14.4
16.7
19.4
21.7
23.3
24.4
25.6
26.1
26.1
26.1
25.6
24.4
23.3
21.1
19.4
18.3
17.2
16.7
16.1
15.0
14.4
15.0
14.4
14.4
15.0
17.2
20.6
22.2
22.8
23.9
23.3
23.3
25.0
23.9
23.9
22.8
22.2
21.1
20.0
19.4
18.3
18.3
18.9
18.9
18.9
18.9
18.9
18.3
18.3
18.9
21.1
22.8
22.8
23.9
23.9
24.4
23.9
23.3
22.8
22.2
21.7
21.1
20.0
19.4
18.9
18.3
18.3
18.3
17.8
18.3
17.8
17.2
18.3
19.4
21.1
22.2
22.2
23.3
24.4
23.3
23.9
23.9
24.4
24.4
23.9
21.7
20.6
20.6
19.4
18.9
18.9
18.9
18.9
19.4
18.9
18.9
18.9
20.0
22.2
23.9
25.6
25.6
27.2
26.7
27.2
27.8
25.6
25.0
23.9
23.3
22.8
22.8
21.7
21.7
21.1
21.1
21.7
22.2
21.7
20.6
21.7
22.2
22.8
24.4
25.0
26.1
26.7
26.7
26.7
26.7
26.1
26.1
25.0
22.8
22.2
21.7
21.1
20.6
21.1
20.0
20.0
20.6
20.6
20.0
20.6
20.6
21.7
22.8
24.4
26.1
27.8
27.2
28.3
29.4
29.4
28.9
28.9
25.6
24.4
24.4
25.0
24.4
22.8
21.7
20.0
19.4
18.3
17.8
17.2
17.8
19.4
20.0
20.6
21.7
22.8
23.3
23.9
24.4
23.9
23.9
22.8
20.6
19.4
18.3
17.8
16.7
15.6
15.0
14.4
13.9
12.2
11.7
12.2
13.9
16.1
17.2
18.9
20.6
21.1
21.7
21.7
22.2
21.1
21.1
19.4
18.9
18.3
17.8
17.8
17.8
16.7
16.7
15.6
15.6
15.6
16.1
16.1
16.7
18.3
18.9
18.9
18.9
18.9
18.3
18.3
18.3
19.0
18.9
18.9
18.9
18.3
18.9
18.3
18.9
18.9
18.3
19.4
20.6
21.1
21.1
20.0
20.0
20.6
21.0
21.7
22.8
24.4
25.6
26.1
26.1
26.1
26.1
24.4
22.8
21.1
19.4
16.7
14.4
13.9
13.3
13.3
12.2
13.9
13.9
12.8
15.0
20.0
23.9
25.6
26.7
27.2
27.8
28.0
28.3
27.8
26.7
25.6
22.8
20.6
19.4
18.9
18.3
17.8
17.2
17.2
18.3
18.3
18.3
18.3
20.0
22.2
24.4
26.1
27.8
28.3
28.3
28.9
27.8
27.8
26.7
25.6
23.3
22.2
22.2
22.2
22.2
22.2
21.7
21.7
22.2
22.8
22.8
23.3
23.9
24.4
25.6
26.1
27.8
27.8
28.3
28.3
27.8
26.7
26.1
25.6
25.0
23.9
23.9
23.9
23.9
23.3
23.9
22.2
21.1
20.0
18.9
17.2
16.1
15.0
15.0
15.6
18.9
20.6
21.1
22.2
20.6
19.4
20.0
18.3
16.7
15.0
14.4
14.3
14.2
14.1
14.1
14.0
13.9
13.8
13.8
13.8
13.3
13.3
13.8
15.0
16.1
17.2
19.4
19.4
20.0
19.4
19.4
17.2
16.6
16.6
16.1
16.1
17.2
17.7
17.7
17.7
17.2
17.2
17.2
17.7
17.3
17.2
17.2
17.2
18.3
20.0
20.5
21.1
21.6
21.1
22.2
22.2
22.7
22.7
22.7
22.7
22.7
22.7
22.2
22.7
21.1
20.0
18.8
18.3
18.3
17.7
18.3
18.3
18.3
18.3
20.0
21.6
22.7
23.8
23.3
22.2
20.5
18.8
18.3
17.2
17.2
17.2
16.6
16.6
15.5
16.1
16.1
16.1
16.6
17.7
18.3
19.4
20.6
21.6
22.7
23.8
25.0
25.0
24.4
23.8
23.3
22.2
21.6
20.0
20.0
19.4
18.8
19.4
18.8
17.2
17.7
17.2
18.8
20.5
22.7
23.8
24.4
25.0
26.1
25.5
26.6
26.1
25.5
24.4
22.2
20.5
19.4
18.8
18.3
18.3
17.2
17.7
17.2
16.6
17.2
17.7
19.4
22.7
24.4
26.1
26.1
26.6
27.2
26.6
27.2
26.6
26.6
25.5
23.8
22.7
22.7
22.7
22.7
22.2
22.2
22.7
23.3
23.3
23.3
23.3
23.8
25.0
26.1
27.2
28.8
30.0
30.0
29.4
29.4
29.4
28.3
27.7
26.6
25.0
24.4
24.4
23.8
23.8
23.3
23.8
23.8
23.3
22.7
22.7
23.3
24.4
26.1
27.7
28.3
30.5
30.5
30.5
30.5
30.5
28.8
28.3
27.2
26.1
25.0
24.4
23.8
23.8
24.4
23.8
23.8
23.8
23.3
23.3
23.8
24.4
25.0
27.2
27.7
28.8
30.0
29.4
30.0
29.4
27.7
27.2
25.5
24.4
24.4
23.8
23.8
23.3
23.3
23.3
22.7
23.3
23.8
23.8
24.4
25.5
27.2
27.7
27.8
27.7
29.4
30.0
29.4
30.0
27.7
27.2
25.5
24.4
23.8
23.3
22.7
22.7
22.2
22.2
21.6
22.2
22.2
22.2
22.7
24.4
26.1
27.2
28.3
28.3
29.4
29.4
28.8
27.7
27.2
26.6
25.5
24.4
23.8
23.8
23.3
22.2
22.7
21.6
22.2
21.6
22.2
21.6
23.3
25.5
26.6
28.3
28.3
30.0
29.4
28.3
28.3
27.7
26.6
26.6
26.1
25.5
24.4
23.8
23.3
22.7
22.7
23.3
22.7
21.6
22.2
22.7
24.4
26.1
27.7
29.4
28.8
30.0
28.8
27.7
27.7
26.6
26.1
20.0
19.4
19.4
18.8
19.4
20.0
20.5
20.5
20.5
20.0
20.5
21.6
21.1
22.2
23.8
26.1
28.3
29.4
30.0
30.5
30.0
30.5
30.0
28.8
24.4
27.2
25.5
24.4
24.4
25.0
24.4
22.7
23.8
23.8
23.8
24.4
24.4
20.0
20.0
20.0
21.1
23.3
23.8
24.4
25.5
27.7
28.3
26.6
26.1
25.5
25.0
25.0
24.4
23.3
23.3
22.7
22.7
22.7
22.7
21.6
21.1
22.2
23.8
26.1
26.1
27.2
26.6
23.8
26.6
26.6
27.2
26.6
26.6
25.0
24.4
23.3
23.3
23.0
22.7
22.2
21.6
22.2
21.6
22.2
22.7
23.3
25.0
25.5
26.6
23.8
24.4
25.0
27.2
26.1
27.7
28.3
27.1
25.5
24.4
23.8
23.8
23.8
23.8
22.7
22.2
21.6
21.6
21.1
21.1
21.6
22.7
25.0
25.5
26.5
27.2
27.7
28.3
29.4
29.4
29.4
28.3
27.2
26.1
25.0
23.8
22.7
22.2
21.6
21.1
20.0
18.3
18.3
18.8
20.0
21.6
23.3
25.0
26.1
26.6
27.7
27.7
27.7
28.3
27.7
27.2
26.1
24.4
23.3
22.7
22.2
21.1
20.5
19.4
18.8
17.7
17.2
17.7
19.4
21.6
23.8
25.0
25.5
26.6
26.6
27.2
27.2
27.7
27.2
26.1
23.8
22.2
20.5
19.4
18.8
18.3
17.7
17.7
17.7
17.7
17.2
17.7
19.4
22.2
23.8
24.4
25.0
25.5
27.2
27.2
26.6
27.2
27.2
25.5
24.4
22.2
21.6
20.5
20.0
18.8
19.4
18.8
17.2
17.7
17.2
17.7
19.4
21.1
23.8
25.5
26.6
26.6
26.6
26.6
27.7
27.7
27.7
26.6
24.4
22.7
21.6
21.6
20.5
19.4
19.4
18.8
18.8
18.3
18.8
18.3
21.1
23.3
25.0
26.1
27.2
28.3
28.8
28.3
27.7
28.3
27.7
26.1
25.0
23.3
22.2
21.1
20.5
20.5
18.8
20.0
19.4
18.3
17.2
17.2
21.1
23.8
25.5
26.1
26.1
28.8
28.3
28.8
28.3
28.3
27.7
26.6
25.0
23.8
22.7
22.7
22.2
21.6
21.6
21.6
21.1
20.5
20.0
20.5
22.7
25.0
26.6
27.7
28.8
28.8
28.3
28.3
28.3
28.3
28.3
26.1
25.0
23.3
22.7
22.2
22.2
21.6
21.6
21.6
21.1
21.1
21.3
21.6
23.8
25.0
27.2
27.7
28.8
29.4
29.4
28.3
27.7
27.2
26.6
26.6
26.1
25.0
23.8
24.4
23.8
23.3
23.3
23.3
23.3
22.7
22.7
22.7
24.4
25.5
26.1
27.2
29.4
30.0
31.1
31.1
30.0
28.8
28.3
27.7
26.6
25.5
25.0
24.4
23.8
23.8
23.3
22.7
22.2
22.7
22.2
22.2
24.4
26.1
27.2
28.3
28.8
30.0
30.5
24.4
23.8
25.1
26.1
25.5
25.5
25.5
23.8
23.3
23.3
22.7
22.7
22.7
22.7
22.7
22.7
23.3
24.4
27.2
27.7
29.4
29.4
30.5
31.6
31.6
31.6
31.8
31.6
29.4
28.3
27.2
26.1
25.5
26.1
26.1
21.6
21.1
20.5
21.1
20.5
21.1
22.7
25.0
26.2
27.2
28.3
29.4
30.5
30.5
30.5
31.1
31.1
31.1
30.0
28.3
27.2
26.1
25.0
24.4
23.3
22.7
22.7
22.7
22.7
22.2
23.8
26.6
28.3
29.4
30.0
31.1
32.2
24.4
25.5
27.7
27.7
27.7
26.6
26.1
25.5
25.1
24.7
24.3
23.9
23.5
23.1
22.7
22.7
22.5
23.7
25.0
25.9
26.7
27.2
27.2
26.6
26.1
26.1
27.2
27.7
26.6
26.1
25.0
23.8
23.8
23.3
23.3
23.3
22.7
22.7
22.7
23.3
22.7
23.3
24.4
25.0
25.5
26.1
23.3
26.1
25.0
26.1
26.1
26.6
26.1
25.5
25.0
24.4
24.4
24.4
22.2
24.4
24.4
23.3
22.2
22.2
22.2
22.7
23.8
23.8
22.7
24.4
27.7
27.7
25.0
27.7
27.2
27.7
27.2
26.6
25.5
25.0
24.4
23.3
23.3
23.3
23.3
22.7
22.7
22.7
22.7
25.0
26.1
25.8
25.5
27.7
28.6
29.4
28.9
28.5
27.7
28.8
27.7
26.6
25.5
25.0
25.0
24.4
23.3
23.8
23.8
22.7
23.3
22.7
22.7
25.0
31.1
30.0
28.8
30.0
31.1
30.0
30.6
31.1
27.7
28.5
28.8
27.7
26.6
26.1
25.5
25.0
25.0
24.4
24.4
23.8
23.3
23.4
23.8
25.5
26.6
27.7
29.4
30.0
31.1
31.1
31.0
30.9
30.5
30.0
29.4
28.3
27.2
26.5
26.1
25.0
25.5
25.5
25.0
25.0
24.4
24.4
24.4
26.1
27.6
28.8
30.5
31.6
31.6
32.7
32.2
32.6
32.7
31.6
30.5
28.8
27.2
26.1
25.5
25.5
25.0
25.0
24.4
23.8
23.3
23.8
24.4
26.0
27.7
28.3
31.1
31.1
31.6
32.7
32.7
33.8
33.8
32.7
30.5
29.4
27.7
27.2
26.6
26.1
26.6
26.1
26.1
25.5
25.5
25.5
25.1
26.1
28.3
29.4
31.1
32.2
32.7
33.8
33.6
33.3
32.7
31.9
30.5
29.4
27.7
27.2
27.2
26.6
26.6
26.1
26.1
26.1
26.1
26.1
26.6
27.7
28.8
30.5
31.1
32.2
32.7
31.6
25.5
22.7
22.7
22.7
23.8
24.4
23.8
23.8
25.0
25.0
23.8
23.3
23.3
23.3
22.7
22.2
22.1
23.3
25.5
28.3
29.4
29.4
30.0
28.3
27.7
29.4
29.4
28.3
27.6
26.7
25.8
25.4
25.1
25.0
24.4
23.3
23.8
23.3
23.8
23.8
26.1
25.5
27.7
28.6
29.4
26.6
25.6
24.4
28.3
26.6
27.7
28.3
28.3
27.7
26.6
24.4
23.8
23.3
23.3
23.3
23.3
23.8
23.8
23.8
24.4
26.1
28.3
29.4
30.0
31.6
31.6
32.2
32.2
30.5
30.5
30.5
30.0
28.3
27.2
27.2
26.6
26.1
26.1
25.5
25.5
25.0
25.0
24.4
24.4
26.1
27.2
29.4
29.4
30.5
31.1
31.1
31.6
31.1
30.0
29.4
28.8
28.3
27.2
27.2
27.2
27.2
27.2
26.6
27.2
26.9
26.6
26.6
26.1
26.6
27.7
28.8
29.4
31.1
30.5
31.1
31.6
31.6
31.6
30.0
29.4
28.3
27.7
27.2
26.6
26.6
26.6
26.6
25.0
25.5
26.1
25.5
26.1
26.1
27.2
29.4
30.5
31.2
31.6
30.5
31.1
30.5
29.4
30.0
28.3
27.7
27.2
26.6
26.1
26.1
26.1
25.5
25.0
25.0
25.0
24.4
24.4
26.1
28.8
29.4
29.4
30.5
30.9
31.1
31.6
32.2
32.2
31.1
29.4
28.3
27.7
27.2
26.1
26.1
25.5
25.0
25.0
24.4
25.0
25.0
24.6
25.6
26.6
28.3
30.0
31.1
32.0
32.7
32.7
26.1
23.8
22.7
23.3
23.9
24.4
23.8
23.8
23.3
22.7
23.3
23.3
22.7
22.2
22.2
22.7
23.3
24.4
26.1
27.7
28.8
30.0
31.1
31.6
32.7
32.2
31.6
28.3
27.7
27.2
26.6
26.1
25.5
25.5
24.4
25.0
24.4
23.8
23.8
24.4
25.2
26.1
28.3
27.3
26.1
25.0
28.8
28.3
30.5
22.7
22.7
22.7
23.3
23.3
22.7
23.3
23.3
22.7
22.7
22.7
22.7
22.7
22.7
22.7
23.3
25.0
26.1
27.7
26.1
23.8
23.3
25.5
28.3
29.4
29.4
27.7
27.2
26.1
25.5
25.0
24.4
24.4
23.8
23.8
23.3
23.3
23.3
23.8
26.1
28.3
28.8
30.0
30.0
30.5
30.0
30.5
31.6
30.0
28.8
28.3
28.3
27.7
26.6
25.5
25.5
25.5
25.0
25.0
25.0
24.4
24.4
24.4
26.6
28.3
28.8
28.8
26.1
28.8
25.5
25.0
24.4
25.0
25.5
25.5
25.5
25.0
25.0
25.0
24.4
24.4
25.0
25.0
25.0
25.0
24.4
25.0
25.5
26.6
26.6
28.3
30.5
31.6
29.4
27.7
25.0
23.8
25.5
24.4
25.5
23.8
22.7
22.7
22.7
22.7
23.3
23.3
23.8
23.3
23.3
23.3
24.4
25.5
27.2
28.8
30.5
31.6
32.7
32.7
33.8
31.6
30.0
30.5
29.4
27.7
27.2
26.6
26.6
26.1
26.1
25.5
25.0
24.4
24.4
25.0
26.6
28.3
29.4
31.1
31.1
32.7
32.7
32.7
32.7
32.2
31.6
30.5
29.4
27.7
27.2
26.6
26.1
26.1
26.1
25.5
25.5
25.5
25.5
25.5
26.1
27.7
29.4
30.5
31.6
32.2
33.3
33.3
33.3
32.7
31.6
31.1
29.4
27.7
26.6
26.0
25.5
25.5
25.5
25.5
25.5
26.1
25.7
25.5
26.6
28.3
29.4
31.1
32.2
33.3
33.3
33.8
33.8
33.8
32.7
32.2
30.0
28.3
27.2
26.6
26.6
26.1
26.1
25.0
25.0
25.0
25.0
25.0
25.5
26.6
28.8
30.0
30.5
31.6
32.2
32.2
32.2
31.6
31.1
30.0
29.4
28.3
27.7
27.2
26.6
26.6
26.1
25.5
25.5
25.5
25.5
25.5
26.6
28.3
29.4
30.0
31.6
31.6
33.3
32.7
33.3
31.6
30.5
30.0
29.4
27.7
27.2
27.0
26.7
26.5
26.3
26.1
25.8
25.6
25.0
25.6
27.8
28.9
30.0
31.7
32.2
32.2
33.9
33.9
33.9
33.9
32.8
32.2
31.1
30.0
27.2
25.6
25.0
25.0
25.0
25.0
25.0
24.4
24.4
25.0
26.1
27.8
29.4
29.4
31.7
32.2
33.3
32.3
31.1
29.4
29.4
28.9
27.8
27.8
27.2
26.7
26.1
26.1
26.1
25.6
25.0
24.4
24.4
24.4
25.6
27.2
29.4
30.6
31.1
32.8
32.8
33.9
33.9
33.9
32.8
31.7
30.0
28.9
23.3
27.8
27.2
26.7
26.1
26.1
26.1
25.6
25.6
25.6
26.7
28.3
28.3
28.3
30.0
31.7
32.2
32.2
32.2
32.8
32.8
31.7
30.0
25.6
25.6
25.0
24.4
25.0
25.6
25.6
26.1
25.6
26.1
25.6
26.1
28.3
30.0
30.6
31.7
31.7
31.1
28.3
32.2
30.6
31.1
30.6
29.4
28.3
27.8
27.8
27.2
27.2
26.7
26.1
26.1
25.6
25.6
26.1
27.8
29.4
29.4
30.6
31.1
32.2
30.0
27.2
27.8
28.3
28.9
26.7
27.2
26.7
26.1
26.1
26.1
26.1
25.6
25.6
25.6
25.6
25.6
25.6
25.6
25.6
28.3
30.6
30.0
28.9
32.2
31.7
30.6
29.4
28.3
27.8
27.8
27.2
26.7
26.7
26.7
26.1
25.6
26.1
26.1
25.6
24.4
24.4
25.0
26.1
27.2
30.0
31.1
31.7
32.8
31.7
33.3
31.7
30.6
30.0
28.9
28.3
27.8
27.2
27.2
26.7
26.7
26.1
26.1
25.6
25.6
25.0
26.7
27.8
29.4
31.1
31.7
33.3
33.3
34.4
33.9
33.3
33.3
31.7
25.0
27.8
26.7
26.1
25.6
25.0
25.0
25.0
25.6
25.6
25.0
25.0
27.2
28.9
30.6
31.3
31.7
33.3
33.3
33.9
33.9
33.3
32.2
31.1
30.0
28.3
27.8
27.2
26.7
26.7
26.1
26.1
25.6
25.6
25.6
25.6
27.2
29.4
30.6
32.2
32.2
34.4
33.3
32.2
33.3
33.3
32.2
31.1
30.0
28.3
27.2
26.7
26.7
26.1
25.6
25.0
24.4
25.6
24.4
25.0
27.2
29.4
30.0
31.7
32.8
33.3
33.9
33.3
33.9
33.9
32.8
32.2
30.0
28.3
27.8
27.2
27.2
26.7
26.1
26.1
25.6
25.6
25.6
25.0
26.7
28.3
29.4
31.1
32.2
32.8
32.8
33.9
35.0
35.0
33.9
32.8
31.1
28.9
27.8
27.2
26.7
26.1
26.1
25.0
25.0
24.4
24.4
24.4
26.1
28.9
30.6
31.1
32.8
32.8
33.9
33.9
35.6
35.0
34.4
32.2
30.6
29.4
28.3
27.8
27.0
26.3
25.6
25.0
25.0
25.0
25.0
24.4
26.1
28.3
30.0
31.1
33.3
34.4
34.4
33.9
29.4
34.4
35.0
33.9
32.8
31.7
29.8
28.3
28.3
28.3
27.8
27.2
26.7
27.2
26.1
26.7
27.8
28.3
28.9
27.2
25.0
25.0
26.1
27.8
28.3
28.3
28.3
27.8
27.2
26.7
26.1
25.6
25.0
25.0
25.0
24.4
24.4
23.9
23.3
22.8
23.9
26.7
28.3
31.1
30.6
32.2
32.8
33.3
33.9
32.8
33.3
31.7
31.1
30.0
28.3
27.2
26.1
25.6
25.6
25.0
25.6
25.0
24.4
25.0
27.2
27.8
29.4
30.6
31.7
32.8
33.3
33.3
32.8
32.8
32.2
31.7
30.0
28.3
27.2
27.2
26.7
26.1
25.6
25.6
25.0
24.4
23.9
24.4
26.7
28.3
30.0
31.7
33.3
33.9
34.4
33.3
32.8
32.8
32.8
31.7
30.0
28.3
27.2
26.7
26.1
26.1
25.6
25.6
25.0
25.0
25.0
25.0
26.8
28.9
31.1
32.8
32.8
35.0
34.4
36.1
34.4
35.0
33.3
32.2
30.6
28.9
28.3
27.8
27.8
27.8
26.7
26.7
26.7
26.7
26.7
26.1
27.2
28.5
29.4
31.1
32.8
32.8
26.1
31.1
33.3
27.8
26.7
27.8
27.8
27.2
27.2
26.7
26.7
25.6
25.0
25.0
25.0
25.6
25.0
25.6
26.7
28.9
29.4
30.0
30.6
32.2
32.6
32.8
31.7
31.7
25.0
26.7
26.7
26.1
26.1
25.6
25.6
25.6
25.0
25.0
25.0
24.4
25.0
25.0
26.7
27.2
28.3
29.4
30.6
30.6
26.1
28.9
29.4
28.3
27.8
27.8
26.1
26.1
25.6
25.0
25.0
24.4
24.4
24.4
24.4
24.4
24.4
25.0
25.6
26.7
28.3
30.0
31.7
31.7
32.2
30.6
28.9
27.8
30.0
30.0
28.9
27.8
26.7
26.1
25.0
25.0
24.4
25.0
25.0
25.0
24.4
24.4
26.1
26.7
30.0
30.0
31.1
31.7
29.5
27.2
26.8
26.1
27.9
29.4
28.3
27.2
26.7
26.1
26.1
25.6
25.0
25.0
25.0
25.0
25.0
25.6
26.1
27.8
29.4
31.1
31.1
31.8
32.2
27.2
30.0
30.6
31.1
30.0
29.4
28.3
27.2
26.7
26.7
26.1
26.1
25.6
25.6
25.6
26.1
25.6
26.7
28.9
30.0
30.6
31.7
33.3
32.8
32.8
26.7
27.8
28.9
29.4
28.9
27.2
27.2
26.7
26.1
25.0
25.0
23.9
24.4
24.4
24.4
24.4
25.6
27.8
30.0
31.1
32.2
33.3
33.9
33.9
34.4
33.3
28.3
29.4
27.8
27.2
27.2
26.7
26.1
26.1
26.1
25.6
25.6
25.0
25.0
25.0
26.1
28.3
29.4
30.6
31.7
32.8
33.3
32.2
26.1
24.4
25.6
25.6
26.1
25.6
25.6
25.0
25.6
25.0
23.9
23.3
23.3
22.8
22.8
23.3
24.4
27.2
29.4
30.7
31.7
33.3
35.0
35.4
35.6
35.0
34.1
32.8
30.6
28.3
27.8
27.8
27.2
27.2
26.7
26.7
26.7
26.1
26.1
26.7
27.2
28.9
30.6
32.2
32.8
34.4
33.9
35.0
31.1
32.8
32.2
30.0
30.0
28.9
28.3
28.1
28.0
27.8
27.7
27.5
27.4
27.2
26.7
26.7
28.3
30.0
31.7
32.2
33.3
33.3
33.9
34.4
33.9
33.3
32.2
31.1
29.0
29.0
29.4
28.3
28.3
27.8
27.8
27.2
27.2
27.2
26.7
26.7
27.8
29.4
30.6
32.2
31.7
32.2
33.3
33.9
34.4
33.9
33.9
31.7
29.4
27.8
26.1
26.1
26.7
26.1
26.1
26.1
26.1
25.6
25.6
25.6
27.8
28.9
30.6
32.2
32.8
33.9
34.4
35.6
35.0
36.1
35.6
35.0
33.3
31.1
29.4
28.3
27.8
27.2
27.2
26.7
26.7
26.1
26.1
25.6
27.2
28.3
30.6
31.1
31.7
32.8
33.3
35.0
33.9
35.0
32.8
32.2
30.6
29.4
28.3
27.8
27.2
26.7
26.1
26.1
25.6
25.6
25.0
25.0
26.1
28.3
30.0
31.1
32.2
33.9
35.0
35.0
35.6
35.6
35.6
35.0
32.8
31.1
28.9
29.4
28.3
28.3
27.8
28.3
28.9
28.9
28.3
27.8
27.8
28.3
27.8
28.3
28.3
28.9
29.4
30.0
30.6
31.1
31.7
30.6
30.0
28.9
27.2
27.8
26.7
26.1
25.6
24.4
23.9
23.3
22.8
22.2
23.3
25.0
26.7
27.8
29.4
30.6
30.6
31.1
31.1
31.1
31.1
30.0
28.9
27.2
25.6
25.6
25.0
24.4
23.9
23.9
23.9
23.9
23.9
22.8
23.9
26.1
28.3
29.4
30.0
31.1
31.7
33.3
32.2
32.8
32.2
31.1
29.4
28.3
26.7
26.1
26.1
25.6
25.0
24.4
24.4
23.3
25.0
26.1
26.7
28.3
28.9
30.0
31.7
32.2
33.3
32.8
33.3
31.7
32.2
31.7
30.0
28.9
27.8
27.2
27.2
27.8
26.1
27.2
27.2
27.2
26.7
27.2
27.8
28.3
28.3
29.4
29.4
31.1
31.7
32.2
32.8
29.4
29.4
29.4
27.8
26.7
25.0
25.0
25.0
25.6
25.6
26.1
25.6
26.1
26.1
26.1
27.2
27.8
28.9
31.1
31.7
32.2
33.3
32.8
33.3
32.8
32.8
31.1
29.4
28.3
28.3
27.8
26.7
26.1
25.6
23.9
23.3
23.3
23.3
22.8
22.8
24.4
25.0
26.7
28.3
28.3
29.4
30.6
30.6
30.6
30.0
28.9
27.8
26.7
25.6
24.4
22.8
22.8
21.7
20.0
20.6
20.0
20.6
20.0
21.7
23.9
25.0
26.7
27.2
28.3
29.4
28.9
29.4
29.4
28.9
28.9
27.8
25.0
25.0
23.3
23.3
22.8
22.2
22.8
21.7
22.2
21.7
21.1
22.8
23.9
25.6
26.7
27.8
28.3
29.4
30.0
30.6
30.0
29.4
28.9
26.7
24.4
23.9
22.8
22.2
22.8
22.8
21.7
20.6
21.1
20.6
20.0
20.6
23.9
26.1
27.2
27.8
28.9
29.4
30.0
29.4
30.0
30.0
28.9
27.2
25.6
23.3
22.8
22.2
21.1
21.7
21.7
21.7
20.6
20.6
20.6
22.2
25.0
27.2
28.3
28.9
30.0
30.6
31.1
30.6
30.6
30.0
29.4
26.7
24.4
24.4
22.8
22.8
22.2
21.1
21.1
20.6
21.1
21.1
21.1
22.8
25.0
27.8
28.9
30.0
31.1
31.7
31.7
31.1
31.7
31.1
30.0
27.2
25.6
24.4
23.3
23.3
22.8
22.2
22.2
21.7
22.2
22.8
23.3
25.0
26.1
27.8
29.4
31.1
31.7
29.4
30.6
29.4
27.8
28.3
28.3
27.8
27.2
26.1
26.1
26.1
25.6
25.6
25.0
25.6
25.6
25.6
25.6
26.7
28.3
29.4
31.7
32.2
33.9
33.3
32.2
31.7
32.8
32.2
31.1
29.4
28.3
27.8
27.8
27.2
27.2
27.2
26.7
26.1
26.1
26.1
25.6
26.7
28.3
30.0
32.2
32.8
35.0
35.6
34.4
35.0
33.9
33.9
32.2
30.0
28.9
27.8
27.2
27.2
26.7
26.7
26.7
26.7
26.1
27.2
23.0
23.3
25.6
26.7
29.4
30.6
30.6
27.8
28.9
30.0
30.6
31.1
28.9
26.1
23.9
25.0
24.4
24.4
23.9
24.4
25.0
24.4
25.0
25.0
25.0
27.2
28.3
29.4
30.6
27.2
23.9
27.8
26.7
25.6
23.3
24.4
25.0
25.0
25.0
25.0
25.6
26.1
26.1
26.1
26.1
26.1
26.1
26.1
25.6
26.7
27.8
29.4
31.7
30.6
29.4
30.6
32.8
32.8
31.7
30.6
30.0
28.9
28.3
27.8
27.2
27.2
27.2
27.2
26.7
26.7
26.1
26.1
26.1
26.7
28.3
30.6
31.1
32.8
32.8
34.4
32.8
31.7
32.8
31.7
31.1
29.4
28.3
27.2
27.2
26.7
26.7
26.7
26.1
26.1
26.1
25.6
25.6
26.7
28.9
30.6
31.7
31.7
33.9
33.9
33.3
33.9
33.9
33.3
31.7
30.0
28.9
28.3
27.8
27.2
26.7
26.7
26.7
26.1
26.1
25.6
25.6
27.2
28.9
30.0
32.2
33.3
33.3
34.4
34.4
33.9
33.9
32.8
31.1
29.4
28.3
27.8
27.2
26.7
26.7
26.1
25.6
25.6
25.6
25.6
25.0
26.1
28.9
30.0
30.6
32.8
33.9
33.9
33.9
33.3
32.2
32.2
31.1
29.4
28.3
27.8
27.2
27.2
26.7
26.1
26.1
26.1
25.6
25.6
25.6
26.7
28.9
29.4
30.6
32.2
33.0
26.1
24.4
23.9
23.9
23.9
23.9
24.4
23.9
23.9
24.4
23.9
23.9
23.9
23.3
23.3
23.3
22.8
22.8
23.9
25.6
27.2
29.4
30.0
30.6
30.6
30.6
30.0
28.9
28.9
29.4
27.8
27.2
26.1
25.6
25.0
25.0
25.0
25.0
24.4
23.9
23.3
23.9
25.0
27.2
29.4
30.6
31.7
32.2
32.8
33.3
32.8
33.9
32.2
31.1
30.0
27.8
27.8
27.2
26.7
26.7
24.4
25.0
23.9
23.3
23.9
23.9
24.4
25.0
26.7
28.3
29.4
30.0
31.1
30.0
31.1
30.6
30.0
29.4
27.8
26.7
26.1
26.0
25.9
25.8
25.8
25.7
25.6
25.5
25.5
26.1
25.0
25.5
25.5
26.6
26.1
28.3
30.5
31.6
31.1
30.5
30.5
28.8
27.7
27.2
26.1
26.1
25.5
25.0
25.0
25.0
23.8
24.4
24.4
24.4
25.5
27.2
28.3
27.2
30.0
31.6
30.5
29.8
28.8
27.2
30.0
29.4
26.6
23.8
23.8
24.4
24.4
24.4
23.8
23.8
23.8
23.8
24.4
24.4
25.0
26.1
28.3
30.0
30.0
32.2
31.6
33.3
30.0
27.7
23.8
24.4
25.0
24.4
25.0
24.4
24.4
24.4
23.8
23.8
24.4
23.8
23.8
23.8
24.4
26.1
27.7
28.8
30.5
30.5
31.6
32.2
33.3
32.7
32.2
30.5
28.3
27.2
26.6
26.1
25.5
25.5
25.0
25.0
24.4
24.4
23.8
23.8
25.0
27.2
28.8
30.0
31.1
31.6
32.7
32.7
31.7
30.5
31.6
30.5
28.8
27.7
27.2
26.6
26.1
25.5
25.5
25.5
25.0
25.0
25.0
26.1
26.1
27.7
28.8
30.0
31.1
31.1
32.7
32.7
31.6
32.2
31.1
30.0
28.8
27.7
27.2
26.6
26.6
26.1
26.1
26.1
25.5
25.0
25.5
25.5
25.5
25.5
26.1
28.3
28.8
30.0
30.0
31.6
31.1
31.1
30.0
28.8
27.7
27.2
26.1
25.5
25.5
25.5
25.0
25.0
24.4
24.4
24.4
25.0
25.5
26.6
27.2
28.3
30.0
30.0
30.0
29.4
28.8
28.8
28.3
27.7
26.6
25.0
25.0
25.5
24.4
25.0
24.4
24.4
24.4
24.4
23.8
22.2
23.8
22.7
22.7
23.8
23.8
22.2
21.6
22.2
23.8
25.5
25.5
25.5
25.0
24.4
23.8
23.3
23.3
22.7
22.7
22.7
22.7
22.7
22.2
21.5
21.4
22.5
23.5
24.1
24.4
23.8
25.0
25.0
25.0
25.5
26.1
25.5
24.4
24.4
23.8
23.8
23.8
23.3
23.3
23.3
23.3
23.3
23.3
22.7
22.7
25.0
24.4
25.0
26.1
26.6
26.6
26.6
27.2
28.3
28.3
26.6
25.5
25.0
24.4
24.4
23.8
23.8
23.8
23.3
23.8
23.8
23.3
23.8
23.8
25.0
27.2
29.4
26.6
30.0
30.5
30.5
30.5
30.0
28.3
27.7
26.6
26.1
26.1
25.0
25.0
25.0
25.0
24.4
25.0
23.8
23.8
23.8
24.4
25.8
27.2
28.3
29.4
30.5
31.1
30.0
27.7
28.8
28.8
28.3
27.2
26.6
26.1
25.5
26.1
25.0
24.4
25.0
25.0
24.4
24.4
24.4
25.0
26.1
27.7
28.8
30.0
31.1
30.5
25.5
25.5
28.3
27.7
27.2
26.6
26.1
26.1
25.5
24.4
25.0
23.8
23.8
23.3
23.3
23.8
24.4
24.4
25.5
27.2
28.3
29.3
30.0
30.5
31.1
31.1
31.1
30.5
29.4
28.8
27.2
26.6
25.5
25.0
24.4
24.4
23.8
22.7
22.7
22.6
22.7
23.8
25.0
26.6
28.3
28.8
30.0
29.4
30.5
30.5
31.1
30.5
29.2
27.7
27.2
26.1
25.5
25.0
25.0
23.3
22.7
23.3
23.3
22.7
22.7
22.7
23.3
25.5
27.2
28.8
29.4
30.5
31.1
31.1
31.1
31.1
30.0
27.7
25.5
26.1
25.0
24.4
25.0
24.4
23.3
23.3
22.7
22.2
21.1
21.6
22.7
24.4
26.6
28.8
29.4
30.5
31.1
31.1
30.5
30.5
29.4
27.7
26.1
23.8
23.8
22.7
22.7
21.1
21.1
20.5
20.0
20.0
19.4
20.5
22.7
25.5
27.2
28.3
29.4
29.4
29.4
30.0
30.0
29.4
28.3
26.6
25.5
25.0
23.8
23.8
21.6
21.1
20.0
19.7
19.4
17.7
18.3
19.4
21.6
23.8
25.5
26.6
27.2
27.7
28.3
28.8
28.8
28.3
27.2
23.8
23.3
21.6
21.1
20.5
20.5
20.0
19.4
20.0
19.4
18.3
18.8
19.4
22.2
25.0
26.6
27.7
27.7
29.4
30.0
30.0
29.4
28.8
27.2
25.0
23.8
23.3
22.2
22.2
21.1
20.5
20.0
20.0
19.8
19.8
19.9
20.5
22.2
23.8
25.5
27.2
28.3
28.8
30.5
30.0
27.7
25.5
16.6
21.6
20.0
19.4
18.3
17.2
16.6
15.5
15.0
14.4
13.8
13.3
12.7
13.3
15.5
17.7
19.4
21.6
23.8
24.4
26.1
25.5
25.5
25.5
24.4
21.1
19.4
18.3
18.3
17.7
17.7
16.6
16.6
15.0
16.6
15.5
16.6
17.7
20.0
22.2
24.4
26.1
27.2
27.6
27.8
27.7
27.7
27.2
25.5
22.7
21.6
22.2
20.5
19.4
18.3
16.6
15.5
14.4
13.8
13.8
14.4
14.4
17.7
20.0
22.2
23.3
25.0
25.0
26.6
26.1
26.6
26.1
25.0
23.3
18.8
18.8
17.7
17.2
16.6
16.6
15.5
15.5
15.5
15.0
15.0
16.1
19.4
23.3
25.5
27.2
28.8
28.3
29.4
29.4
29.4
29.4
27.2
23.8
22.2
21.6
21.1
20.0
18.8
19.4
19.1
18.8
17.2
17.2
17.2
18.8
23.3
27.2
28.3
29.4
30.5
31.1
31.6
32.2
31.6
30.0
27.2
25.5
23.8
23.3
22.7
21.6
20.5
19.4
17.7
17.2
17.7
17.2
17.2
18.3
22.2
25.5
27.2
28.3
30.5
31.6
31.6
32.7
32.4
31.6
29.4
24.4
22.7
21.6
20.5
20.0
18.3
18.3
18.3
18.8
17.7
17.2
18.3
19.4
22.2
25.0
27.7
29.8
31.6
32.7
32.7
32.7
31.1
29.4
26.6
25.5
24.4
22.2
22.2
21.6
21.6
21.6
21.6
21.1
21.6
22.2
22.7
22.2
23.3
25.0
27.0
28.8
28.8
28.8
29.4
30.0
28.8
27.7
27.2
26.6
26.6
25.5
25.3
25.0
24.8
24.6
24.4
24.1
23.9
24.4
24.4
25.0
27.2
28.9
30.6
31.7
31.7
31.1
31.1
30.6
30.6
30.0
28.9
28.3
27.2
26.7
26.7
26.7
26.1
26.1
25.6
25.6
25.6
25.0
25.6
25.6
27.0
28.9
30.0
31.1
30.6
32.2
30.6
28.9
30.0
29.4
28.3
27.2
27.8
27.8
27.2
27.2
26.7
26.7
26.1
26.1
26.1
26.1
25.6
25.6
27.0
28.3
30.0
30.6
30.6
32.2
31.7
31.7
31.1
30.0
28.9
28.3
27.8
27.8
27.2
27.2
27.2
26.7
26.1
25.6
25.6
25.0
25.0
25.0
25.6
26.1
28.9
29.4
30.6
30.6
31.1
31.1
30.6
29.4
28.3
27.8
27.2
26.7
26.7
26.1
25.6
25.6
24.4
24.4
25.0
24.4
24.4
25.0
26.1
28.3
30.0
30.6
30.0
31.7
31.7
31.7
31.7
30.6
30.0
28.3
26.7
26.7
26.1
25.0
24.4
25.0
24.4
23.9
23.3
23.9
23.3
23.3
25.6
27.8
30.0
31.1
32.2
32.8
32.8
32.8
32.2
31.7
30.6
29.4
28.3
26.7
25.0
23.3
21.7
20.0
18.9
18.3
17.8
17.2
16.7
17.2
18.9
18.9
20.6
21.7
22.8
23.9
24.4
25.6
25.0
23.9
22.8
21.7
20.6
19.4
19.4
18.3
17.8
17.8
17.8
17.2
17.2
17.2
17.2
17.2
17.2
17.8
18.3
20.0
20.6
22.8
24.4
23.9
23.9
23.3
20.6
19.4
18.3
17.2
16.1
15.6
15.0
14.4
13.9
13.3
12.8
13.3
12.8
13.3
16.1
18.9
21.1
23.3
25.0
25.6
27.2
26.7
26.7
25.6
23.3
21.7
19.4
19.4
19.4
18.9
18.3
19.4
21.7
22.2
22.2
22.8
22.8
22.2
21.1
20.0
20.0
19.0
20.0
20.6
21.7
22.2
22.8
23.3
22.2
22.2
21.7
21.7
21.1
20.0
20.6
21.0
20.6
20.0
20.6
20.6
21.1
21.1
22.8
24.4
26.1
26.7
28.3
28.3
28.3
27.8
27.8
27.2
25.6
23.9
23.9
24.4
24.4
23.3
23.3
22.8
21.7
21.1
21.1
21.1
21.1
21.7
23.3
25.6
27.2
28.3
29.4
30.0
31.1
31.1
30.6
29.4
27.2
27.2
24.4
23.9
22.8
22.8
22.8
22.2
21.1
20.6
20.6
19.4
19.4
20.0
21.7
24.4
26.7
26.7
28.3
29.4
29.4
30.0
29.4
28.3
27.2
26.1
25.0
23.9
23.3
22.2
21.7
21.1
22.8
22.2
21.7
21.1
20.6
21.7
22.2
23.9
25.6
27.8
28.9
28.3
28.9
29.4
28.9
28.3
27.2
24.4
24.4
23.3
22.8
22.2
20.6
21.7
20.6
20.6
19.4
19.4
18.9
18.9
21.7
24.4
26.1
27.2
28.3
27.8
28.9
27.8
28.3
27.8
25.0
23.9
22.2
21.1
19.4
18.9
18.3
17.8
17.2
17.2
17.2
16.1
16.7
17.2
20.0
23.9
26.7
27.8
28.3
28.9
28.9
28.9
28.9
27.8
25.0
22.8
21.1
19.4
18.3
17.8
17.8
17.2
16.7
16.7
16.7
17.2
16.7
17.2
20.6
24.4
27.2
28.3
28.9
29.4
30.0
30.0
30.6
29.4
26.1
23.9
23.3
21.7
21.1
20.6
20.0
19.4
18.3
17.8
17.8
17.2
17.8
17.8
20.6
23.9
26.1
28.3
28.9
30.0
31.1
31.1
30.6
28.9
25.6
23.3
22.2
22.2
21.1
20.6
20.0
19.4
18.3
17.8
17.2
17.2
17.2
17.8
21.7
25.0
26.7
28.3
28.9
30.0
30.6
30.6
30.0
27.8
25.6
23.9
23.3
22.2
21.1
20.6
20.0
20.0
19.4
18.9
18.9
18.3
18.3
18.3
22.8
25.6
27.2
27.8
29.4
30.0
31.1
31.1
30.6
28.3
26.1
24.4
23.9
23.3
22.2
21.7
21.1
21.1
20.6
21.1
21.7
21.7
21.7
21.7
22.2
23.9
25.6
26.1
28.3
28.9
29.4
29.4
29.4
28.3
26.7
25.0
24.4
22.8
22.8
20.6
19.4
18.9
18.3
17.2
16.7
15.6
15.0
15.0
16.7
18.3
20.6
21.7
23.3
25.0
26.1
26.7
26.7
25.0
22.8
21.1
20.6
18.3
17.2
16.7
16.1
15.6
15.6
15.0
15.6
14.4
14.4
15.0
17.8
21.1
22.8
25.6
26.7
27.2
27.8
28.3
27.2
24.4
22.2
20.6
19.4
17.8
14.4
12.8
12.8
11.7
11.7
11.1
10.6
10.0
9.4
8.9
10.6
12.2
14.4
15.6
16.7
18.3
19.4
19.4
19.4
18.9
17.8
16.1
15.0
14.4
11.1
10.6
10.0
8.3
7.8
7.2
7.8
6.7
6.7
7.2
11.1
15.0
17.8
19.4
20.0
20.0
21.1
21.7
21.7
21.7
18.9
14.4
13.3
12.8
12.2
10.6
10.0
8.9
8.9
8.3
8.3
8.3
8.9
10.6
14.4
17.8
21.1
22.2
23.3
23.3
23.9
23.3
21.7
20.6
18.9
17.8
16.7
15.6
15.0
15.0
15.0
14.4
13.9
15.0
15.0
14.4
13.9
14.4
16.7
18.9
21.1
22.2
23.9
24.4
23.9
23.9
23.3
21.7
20.6
18.9
18.3
16.1
16.1
15.0
15.0
13.9
14.4
14.4
13.3
11.7
11.1
11.1
13.9
16.7
18.9
20.0
21.1
21.7
22.2
22.8
21.7
20.0
17.8
16.1
15.0
13.9
12.2
12.8
10.6
12.2
11.1
10.6
11.1
10.6
10.0
10.0
12.2
16.7
18.9
21.1
21.7
22.2
22.8
22.8
22.2
21.1
18.9
17.2
16.6
16.1
16.1
15.6
14.4
15.6
15.6
15.6
15.0
15.6
16.1
16.7
18.3
21.1
23.9
25.0
25.0
26.1
25.0
24.4
23.9
23.3
22.2
21.7
21.1
20.6
20.0
19.4
19.4
19.4
20.0
20.0
19.4
18.9
17.8
18.3
21.1
23.9
26.1
26.7
27.2
27.8
27.2
27.8
26.7
25.6
16.7
17.0
17.2
15.6
16.9
18.1
19.4
20.6
21.9
23.1
24.4
24.4
24.3
24.4
25.0
27.2
21.6
23.3
22.2
22.2
23.3
23.8
24.4
26.1
25.0
25.0
24.4
25.0
25.0
23.8
24.4
23.8
24.4
23.8
23.5
23.3
23.3
23.3
23.8
25.5
27.7
28.3
30.0
28.3
22.7
22.3
21.6
21.1
21.1
19.4
18.3
15.5
14.4
13.3
12.7
12.7
11.6
10.5
10.0
9.4
9.4
8.8
9.4
10.0
10.0
10.5
11.1
12.2
12.7
15.0
15.6
15.5
14.4
13.8
13.3
12.2
11.6
11.1
11.1
10.0
10.0
10.0
9.4
9.4
8.8
8.8
9.4
10.0
10.0
10.5
10.5
11.6
11.6
11.1
11.1
11.1
11.1
11.0
11.1
11.1
11.1
11.1
11.1
11.1
11.1
10.5
10.5
10.5
10.0
10.0
10.0
10.5
10.5
10.5
11.6
12.2
12.7
12.7
12.7
12.7
12.2
12.2
12.2
12.7
12.7
12.7
13.3
13.3
13.8
13.8
14.4
13.8
13.8
14.1
15.5
16.6
18.8
20.0
20.5
22.7
23.3
23.8
22.8
21.9
20.0
19.7
16.5
15.6
14.2
13.9
14.6
13.7
13.9
13.1
13.3
13.0
12.6
13.5
17.0
21.1
24.4
26.6
27.7
27.7
28.3
27.7
27.2
26.1
23.8
21.6
20.7
20.0
19.4
18.8
18.3
17.7
16.6
16.1
15.5
13.8
14.4
14.4
15.2
17.3
19.4
19.8
20.1
20.0
20.5
21.1
21.1
20.0
16.6
15.0
13.3
12.7
11.6
11.6
11.6
11.6
11.6
11.1
11.1
11.1
11.1
11.6
15.0
18.6
22.2
23.2
23.8
23.8
24.0
23.8
22.7
22.2
21.6
21.1
21.1
21.6
21.6
22.2
22.2
22.2
22.2
22.2
22.2
22.2
22.2
22.2
22.7
23.8
25.0
26.6
27.2
27.7
27.2
27.7
27.2
26.5
25.5
24.4
24.4
25.0
24.4
24.3
24.4
25.0
25.0
15.5
15.0
13.3
11.6
9.4
9.1
9.4
11.0
12.2
13.3
14.4
14.4
15.0
14.4
13.8
11.6
10.5
9.4
8.8
8.3
8.3
8.3
7.5
6.6
6.1
3.8
4.4
4.4
3.8
6.6
11.6
14.4
16.2
17.7
19.4
20.0
20.0
19.4
18.3
15.5
13.8
12.7
12.7
11.6
11.6
11.6
10.5
11.1
11.6
11.6
10.5
11.6
12.7
15.0
18.3
21.1
22.7
24.4
25.0
26.1
26.1
26.1
24.4
22.2
22.2
21.1
20.0
18.8
17.7
16.6
15.8
15.0
14.4
13.8
12.7
12.2
11.6
12.2
13.8
15.5
16.6
17.7
18.8
19.4
20.0
20.0
18.8
17.2
13.8
13.3
12.7
12.7
12.7
11.6
11.1
11.1
10.0
9.4
9.4
9.4
10.0
12.2
15.5
19.4
20.5
21.6
22.7
23.3
23.3
23.3
22.2
20.5
17.7
17.2
16.6
15.0
14.4
13.8
13.8
14.4
13.8
13.3
12.7
12.2
11.6
12.2
13.8
16.1
17.2
19.4
21.1
21.6
20.5
19.4
18.3
17.2
16.1
15.5
15.0
15.0
14.9
15.0
16.1
15.5
15.5
15.5
15.0
14.4
14.4
14.4
14.4
14.4
13.8
14.4
15.0
15.0
15.5
15.5
15.5
15.0
15.0
14.4
14.4
14.7
15.0
15.0
15.0
15.5
15.5
15.5
16.1
16.1
15.5
15.5
16.1
17.2
18.3
20.0
19.4
20.0
21.1
20.5
20.0
19.4
19.3
19.4
18.8
18.8
18.8
18.3
17.2
17.7
17.2
16.6
16.1
16.6
17.2
17.7
17.7
20.0
20.5
20.0
20.0
17.2
17.3
17.2
17.7
17.7
17.2
16.6
17.2
17.7
16.6
16.6
16.1
16.6
16.1
15.5
15.0
14.4
14.4
15.5
16.6
18.8
20.1
21.1
21.1
22.2
21.6
21.6
20.5
20.0
19.4
19.4
18.3
17.7
18.3
16.6
16.1
16.1
16.1
15.5
15.5
15.5
15.2
16.1
18.3
18.8
19.4
20.5
20.5
21.1
21.1
21.6
20.5
18.9
17.7
15.5
15.0
13.8
14.4
12.7
11.1
11.6
11.6
11.1
11.6
12.2
12.2
13.8
17.7
20.5
22.7
23.3
23.8
23.8
23.8
22.7
21.6
20.0
18.3
17.2
16.6
17.2
17.7
17.7
17.2
17.2
17.2
16.1
15.0
14.4
14.4
16.1
18.3
19.4
21.6
23.2
24.4
24.4
24.4
22.7
21.6
21.1
19.4
18.8
18.3
17.7
16.8
16.1
15.5
14.4
13.8
12.7
11.6
11.6
10.5
10.5
12.2
15.0
15.5
17.2
18.3
19.4
20.0
20.0
18.8
17.2
13.8
12.2
11.6
11.6
10.5
9.4
8.8
8.3
7.7
7.2
8.3
8.3
7.7
10.8
14.4
17.7
20.0
21.1
21.6
22.3
22.7
21.4
19.4
17.2
16.1
15.0
15.0
13.8
14.4
14.4
13.8
14.4
14.4
13.8
12.2
13.3
13.6
15.0
18.3
21.6
23.3
24.4
25.5
24.4
24.4
23.3
22.2
21.1
20.5
19.4
18.8
18.8
19.4
20.5
20.5
20.5
20.0
20.0
20.0
18.8
17.7
17.7
20.5
23.3
23.3
25.5
26.6
26.6
25.5
25.0
23.8
22.2
22.2
21.6
21.1
21.1
17.2
17.2
16.6
15.5
15.0
13.3
12.7
12.7
12.2
11.6
10.5
10.0
10.5
10.5
10.5
11.1
10.0
10.5
10.0
9.4
8.8
8.3
8.3
7.2
7.2
6.1
5.5
5.0
5.0
4.4
3.8
3.3
3.3
4.4
6.1
8.3
10.0
12.2
12.7
14.4
15.0
15.0
14.4
13.3
12.2
10.5
8.8
8.3
7.7
6.1
6.6
7.7
6.6
5.5
5.0
5.5
5.0
7.7
10.5
13.3
15.5
16.5
17.2
17.7
18.8
18.3
16.1
13.8
12.7
12.2
11.6
11.1
10.5
10.0
9.4
8.9
8.3
7.8
8.3
8.3
7.8
9.4
12.8
16.1
18.9
21.7
21.7
22.2
21.7
21.1
20.0
18.3
17.2
16.7
16.1
15.6
16.1
16.1
16.7
17.2
16.7
16.7
16.7
17.2
16.7
17.8
21.1
23.3
24.4
24.4
23.3
21.1
19.0
18.9
18.9
19.0
18.9
20.0
20.0
20.0
20.6
20.6
21.1
20.6
20.6
20.6
20.6
20.6
20.3
21.0
21.2
21.5
21.6
24.5
22.7
19.6
20.0
24.0
23.6
22.8
22.2
22.2
21.7
21.1
21.7
21.7
21.1
21.7
21.1
21.1
21.7
21.1
21.7
22.2
23.3
23.9
25.0
23.9
23.3
20.6
22.2
22.8
16.1
16.7
16.1
16.7
16.7
16.7
15.0
15.0
12.8
11.7
11.1
10.0
8.9
8.3
8.3
8.3
9.4
10.0
11.7
12.2
13.3
13.9
14.4
14.4
13.9
12.8
12.2
11.7
11.1
10.6
9.4
8.9
7.8
7.2
4.4
3.9
5.0
4.4
3.9
5.0
7.2
8.9
10.6
11.7
13.3
13.9
15.0
15.0
14.4
11.7
9.4
8.9
7.2
4.4
4.4
4.4
4.4
3.9
3.3
4.4
5.0
4.4
5.6
6.7
10.6
14.4
16.7
18.9
20.0
20.0
20.0
18.9
17.2
16.1
15.6
15.0
13.9
13.9
13.9
13.9
14.4
14.4
14.4
15.0
15.0
15.6
16.1
16.1
17.2
18.9
20.0
21.7
23.3
23.3
23.3
22.2
21.1
21.1
21.1
21.1
21.1
21.1
21.1
21.1
20.6
20.0
19.4
19.4
18.9
18.3
19.4
20.0
20.6
21.7
22.8
24.0
12.2
13.3
15.6
16.7
19.4
17.2
16.1
15.0
13.9
12.8
12.2
11.1
10.6
10.0
8.3
7.2
6.7
7.2
7.2
7.8
10.0
11.1
13.3
15.0
16.1
17.2
17.8
17.8
16.7
13.9
12.8
11.7
10.6
10.6
11.7
11.1
11.0
12.2
12.8
12.8
12.2
15.6
15.6
15.6
16.1
16.1
16.7
18.3
17.8
18.3
18.9
19.4
19.4
20.0
20.0
20.0
21.1
21.1
21.1
21.1
21.1
21.1
21.1
20.0
20.0
20.6
21.1
21.1
22.2
18.3
17.2
18.3
20.0
21.1
20.6
18.3
15.6
13.9
13.3
12.8
12.2
12.8
12.2
11.1
11.7
11.1
11.1
11.1
10.6
10.6
10.6
10.6
10.6
11.1
12.2
13.3
13.9
14.4
15.0
15.0
14.4
12.8
11.7
11.1
8.3
5.6
4.4
4.4
4.4
3.3
3.9
4.4
2.8
4.4
5.0
7.2
12.2
16.7
20.0
21.1
22.2
22.2
22.2
21.7
20.6
18.3
16.7
15.6
14.4
16.1
15.0
12.8
10.6
9.4
8.9
8.9
8.3
8.3
7.2
7.8
9.4
10.6
11.7
12.8
13.9
14.4
15.0
15.0
13.3
11.1
10.6
8.3
6.7
4.4
4.4
2.8
3.3
3.9
4.4
3.9
2.2
2.8
2.2
3.3
8.3
11.7
13.3
14.4
15.0
16.1
15.6
15.6
13.9
12.2
10.6
10.0
8.9
8.9
7.2
6.7
7.2
6.7
6.1
6.1
6.1
8.3
8.9
10.6
14.4
15.6
16.7
18.3
17.8
18.3
18.3
17.8
16.7
16.1
15.0
14.4
15.0
15.0
14.4
13.9
14.4
14.4
14.4
14.4
14.0
14.4
14.4
13.9
15.0
14.4
15.0
15.0
14.4
13.9
14.4
13.9
13.9
13.3
13.3
11.7
10.6
10.0
8.9
7.2
7.2
6.1
5.6
5.6
6.7
5.0
4.4
6.7
10.6
14.4
16.7
17.2
17.8
18.9
19.4
18.9
17.8
16.1
15.0
15.0
14.4
14.4
14.4
13.9
13.9
13.9
12.8
13.3
13.9
13.9
14.0
13.9
13.3
12.8
12.2
12.2
12.2
12.2
12.2
12.2
11.7
11.7
11.7
11.1
10.6
9.4
8.9
8.9
8.9
8.3
7.8
6.7
6.1
6.7
6.7
6.1
6.1
6.7
7.2
8.3
8.3
8.9
9.4
10.0
10.0
8.9
8.9
8.9
8.3
7.8
7.2
6.7
5.6
5.6
4.4
3.9
3.3
3.3
2.8
3.3
5.0
6.7
8.9
11.1
12.8
13.3
13.9
13.9
13.3
10.6
11.1
10.6
8.9
8.3
7.8
6.7
7.8
7.8
7.8
6.7
6.1
5.6
4.4
5.6
8.3
11.1
13.9
14.4
15.0
15.6
16.1
16.1
14.4
12.8
12.8
12.2
10.0
9.4
6.7
7.8
5.6
6.1
5.6
4.4
5.6
3.9
3.9
5.0
9.4
13.9
16.1
17.8
18.9
20.0
20.6
20.6
20.0
17.2
14.4
15.0
11.7
10.6
12.2
11.7
11.1
9.4
10.0
8.9
7.2
7.2
6.7
6.7
8.3
9.4
10.6
12.2
12.8
13.3
14.4
14.4
13.9
11.1
9.4
8.3
7.2
6.1
6.1
6.1
5.0
4.4
4.4
4.4
3.3
3.9
3.3
4.4
8.3
11.7
15.0
16.1
17.8
19.4
20.0
20.0
18.9
17.2
13.3
11.7
12.2
12.2
12.2
12.2
11.7
11.7
11.1
11.7
12.2
12.8
14.4
13.9
15.6
18.3
18.9
20.0
21.7
21.7
22.8
22.8
22.2
20.6
19.4
18.3
17.2
15.6
16.1
13.9
12.8
11.1
9.4
8.3
7.8
6.1
6.1
6.1
7.2
8.3
9.4
11.1
12.8
13.9
15.6
16.1
15.6
12.8
11.1
10.0
8.9
9.4
8.9
8.3
7.8
6.7
7.2
6.1
4.4
4.4
4.4
4.4
8.9
12.2
16.1
18.9
21.7
23.3
23.9
24.4
23.3
18.3
15.0
13.3
12.2
11.7
11.7
12.2
12.2
11.1
10.0
10.6
8.9
8.9
7.8
9.4
13.3
18.3
20.6
22.2
23.9
23.3
24.4
23.9
22.8
21.1
19.4
18.9
17.8
16.7
16.1
15.0
15.6
16.7
14.4
13.3
12.8
12.2
10.0
10.6
12.8
15.0
17.2
19.4
20.0
21.1
22.2
22.2
21.7
18.9
15.0
14.4
11.7
10.0
10.0
