5.5
15.0
16.0
16.0
16.0
16.0
16.0
17.0
16.0
17.0
17.0
18.0
19.0
20.0
19.0
19.0
19.0
19.0
18.0
17.0
16.0
17.0
17.0
17.0
16.0
16.0
16.0
17.0
17.0
17.0
17.0
17.0
16.0
17.0
18.0
18.0
19.0
19.0
15.2
11.0
10.0
9.0
8.0
6.0
5.0
5.0
5.0
5.0
4.0
4.0
4.0
4.0
3.0
3.0
3.0
2.0
2.0
2.0
3.0
3.0
4.0
4.0
4.0
4.0
4.0
4.0
4.0
4.0
4.0
3.0
3.0
3.0
3.0
3.0
3.0
2.0
2.0
2.0
2.0
1.9
2.0
2.0
2.0
3.0
3.0
3.0
3.0
3.0
3.0
2.0
2.0
2.0
2.0
2.0
2.0
1.0
1.0
1.0
0.0
0.0
0.1
0.0
0.0
0.0
-2.0
-4.0
-5.0
-6.0
-5.8
-6.0
-6.0
-7.0
-7.0
-7.0
-7.0
-7.0
-8.0
-9.0
-9.0
-10.0
-10.0
-11.0
-11.0
-11.0
-12.0
-12.0
-12.0
-12.0
-12.0
-11.0
-10.0
-9.0
-8.0
-6.0
-5.0
-5.0
-4.0
-4.0
-5.0
-6.0
-5.0
-5.0
-5.0
-5.0
-5.0
-4.0
-4.0
-4.0
-4.0
-3.0
-3.0
-3.0
-2.0
-2.0
-1.0
1.0
1.0
3.0
4.0
4.0
2.0
1.0
1.0
0.0
-1.0
-1.0
-3.0
-3.0
-3.0
-4.0
-3.0
-3.0
-3.0
-4.0
-4.0
-4.0
-4.0
-4.0
-3.0
-2.0
0.0
3.0
5.0
8.0
8.0
8.0
6.0
6.0
6.0
5.0
5.0
5.0
5.0
5.0
4.0
5.0
4.0
4.0
4.0
4.0
5.0
6.0
8.0
10.0
13.0
16.1
19.0
17.0
18.0
15.8
13.0
11.0
11.0
12.0
11.0
11.0
11.0
11.0
9.0
9.0
9.0
9.0
9.0
10.0
11.0
12.0
13.0
15.0
15.0
16.0
18.0
18.0
18.0
18.0
16.0
16.0
17.0
12.0
4.0
3.0
3.0
2.0
1.0
1.0
1.0
0.0
0.0
-1.0
-1.0
-1.0
-1.0
0.0
0.0
1.0
1.0
2.0
1.0
1.0
2.0
2.0
2.0
2.0
3.0
3.0
4.0
5.0
6.0
9.0
11.0
14.0
14.0
15.0
15.0
16.0
16.0
17.0
17.0
18.0
18.0
18.0
18.0
17.0
15.0
9.9
5.0
2.0
1.0
1.0
0.0
0.0
0.0
0.0
0.0
0.0
-1.0
0.0
0.0
1.0
2.0
4.0
5.0
6.0
7.0
7.0
7.0
6.0
3.0
2.0
1.0
1.0
0.0
-1.0
-3.0
-4.0
-3.0
-4.0
-5.0
-6.0
-7.0
-8.0
-7.0
-7.0
-7.0
-6.0
-5.0
-2.0
-1.0
0.0
-1.0
-1.0
-2.0
-3.0
-4.0
-5.0
-5.0
-5.5
-6.0
-7.0
-7.0
-8.0
-7.9
-8.0
-9.0
-9.0
-9.0
-7.0
-7.0
-6.0
-4.0
-4.0
-3.0
-2.0
-2.0
-4.0
-4.0
-5.0
-5.0
-5.0
-5.0
-5.0
-5.0
-6.0
-6.0
-6.0
-7.0
-9.0
-10.0
-10.0
-11.0
-10.0
-8.0
-6.0
-5.0
-4.0
-3.0
-2.0
-2.0
-2.0
-3.7
-5.0
-5.6
-6.0
-7.0
-7.0
-7.0
-8.0
-8.0
-8.0
-8.0
-8.0
-9.0
-9.0
-9.0
-7.0
-4.0
-2.0
0.0
1.0
2.0
2.0
4.0
3.0
1.0
1.0
0.0
0.0
-1.0
-2.0
-3.0
-3.5
-4.0
-4.0
-5.0
-4.0
-4.0
-3.0
-4.0
-3.0
-1.0
2.0
4.0
5.0
7.0
7.0
8.0
6.0
5.0
4.0
3.0
2.0
2.0
1.0
1.0
1.0
1.0
1.0
0.0
-1.0
-1.0
-1.0
-1.0
2.0
5.0
9.0
11.0
13.0
15.0
15.0
16.0
14.0
13.0
9.0
8.0
8.0
7.0
7.0
6.0
6.0
5.0
4.0
5.0
4.0
4.0
4.0
5.0
7.0
11.0
15.0
17.0
19.0
20.0
21.0
21.0
21.0
16.0
15.0
11.0
13.0
12.0
13.0
11.0
10.0
9.0
9.0
6.0
7.0
6.0
3.0
6.0
9.0
13.0
16.0
19.0
22.0
22.0
23.0
24.0
20.0
17.0
15.0
16.0
14.0
14.0
13.0
13.0
12.0
10.4
9.0
8.0
6.0
4.0
2.4
1.0
2.0
2.0
2.0
2.0
2.0
1.0
2.0
1.0
0.0
-2.0
-3.0
-4.0
-5.0
-5.0
-6.0
-7.0
-7.0
-8.0
-8.0
-9.0
-9.0
-9.0
-10.0
-8.0
-7.0
-4.0
-3.0
1.0
2.0
3.2
4.0
4.4
4.0
3.0
2.0
1.0
0.0
0.0
-1.0
-1.0
-1.0
-1.0
-1.0
-1.0
-2.0
-2.0
-1.0
-1.0
2.0
5.0
9.0
12.0
15.0
17.0
17.0
16.0
16.0
13.0
11.0
9.0
8.0
8.0
7.0
8.0
8.0
7.0
7.0
6.0
6.0
5.0
4.0
5.0
8.0
12.0
14.0
18.0
19.0
21.0
21.0
21.0
20.0
16.0
15.0
14.0
13.0
11.0
10.0
11.0
9.0
8.0
8.0
6.0
6.0
6.0
4.0
4.0
7.0
9.0
11.0
12.0
14.0
14.0
15.0
15.0
13.0
11.0
10.0
10.0
9.0
8.0
6.0
6.0
5.0
4.0
3.0
2.0
2.0
2.0
2.0
1.0
2.0
3.0
4.0
4.0
4.0
6.0
5.0
6.0
5.0
5.0
5.0
5.0
4.0
4.0
4.0
4.0
4.0
4.0
4.0
4.0
3.0
3.0
2.0
1.0
0.0
0.0
0.0
0.0
1.0
1.0
1.0
1.0
1.0
1.0
1.0
1.0
1.0
1.0
1.0
1.0
1.0
1.0
1.0
1.0
0.0
0.0
0.0
0.0
0.0
0.0
1.0
1.0
1.0
2.0
2.0
2.0
2.0
2.0
1.0
1.0
1.0
1.0
0.0
0.0
0.0
-1.0
-1.0
-1.0
-1.0
-1.0
-1.0
-1.0
-1.0
-1.0
-1.0
0.0
0.0
0.0
0.0
0.0
1.0
1.0
1.0
0.0
0.0
0.0
0.0
1.0
0.0
1.0
0.0
1.0
0.0
0.0
0.0
0.0
1.0
2.0
2.0
3.0
3.0
3.0
3.0
3.0
3.0
2.8
3.0
3.0
3.0
3.1
3.3
3.4
3.6
3.7
3.9
4.0
8.0
3.0
3.0
4.0
8.0
12.0
18.0
19.0
21.0
21.0
22.0
23.0
22.0
20.0
18.0
15.0
14.0
13.0
12.0
11.0
11.0
10.5
10.0
9.4
9.0
9.0
9.0
10.0
12.0
14.0
17.0
18.0
19.0
22.0
23.0
24.0
24.0
22.0
19.0
18.8
19.0
18.0
17.0
16.0
16.0
17.0
16.0
7.0
6.0
5.0
6.0
6.0
6.0
7.0
6.0
5.0
6.0
6.0
6.0
6.0
5.0
4.0
3.0
2.0
2.0
1.0
0.0
-1.0
-2.0
-2.0
-4.0
-5.0
-5.0
-6.0
-4.0
-6.0
-2.0
1.0
1.0
4.0
6.0
8.0
8.0
8.0
8.0
6.0
5.0
4.0
3.0
3.0
1.0
1.0
0.0
-1.0
-1.0
-1.0
-1.0
-1.0
-1.0
0.0
2.0
4.0
4.0
6.0
6.0
7.0
7.0
6.0
6.0
6.0
5.0
5.0
4.0
3.0
2.0
2.0
2.0
2.0
1.0
1.0
0.0
0.0
0.0
-1.0
-0.6
0.0
0.3
0.3
0.0
0.0
0.0
0.0
0.0
-1.0
-2.0
-3.0
-4.0
-4.0
-5.0
-6.0
-7.0
-8.0
-9.0
-9.0
-10.0
-11.0
-11.0
-11.0
-9.0
-8.0
-7.0
-5.0
-5.0
-3.0
-2.0
-2.0
-2.0
-3.0
-5.0
-5.0
-4.0
-5.0
-7.0
-7.0
-6.0
-7.0
-7.0
-6.0
-6.0
-7.0
-7.0
-6.0
-3.0
-1.0
0.0
3.0
6.0
6.0
7.0
7.0
6.0
4.1
2.0
2.0
2.0
2.0
2.0
2.0
2.0
2.0
0.0
0.0
0.0
0.0
-0.9
-1.1
0.0
0.0
1.0
1.0
1.0
2.1
3.6
4.4
4.5
3.2
1.3
0.5
0.1
1.2
1.9
2.0
1.0
1.0
0.0
0.0
-1.0
-1.5
-2.0
-1.2
1.0
5.0
8.0
8.0
10.0
11.0
11.7
12.0
12.0
10.0
7.0
4.0
2.0
3.0
3.0
2.0
2.0
2.0
1.0
2.0
1.0
2.0
2.0
2.0
3.0
7.0
10.0
11.0
13.0
14.0
15.0
15.0
15.0
13.0
12.0
11.0
6.0
7.0
6.0
7.0
7.0
6.0
7.0
6.0
2.0
3.0
2.0
3.0
6.0
8.0
11.0
13.0
16.0
17.0
17.0
17.0
16.0
15.0
14.0
14.0
13.0
13.0
12.0
11.0
11.0
11.0
10.0
10.0
10.0
11.0
11.0
11.0
11.0
11.0
11.0
12.0
14.0
14.0
13.0
13.0
13.0
13.0
12.4
12.3
12.6
12.8
13.2
13.6
13.9
14.4
14.8
15.3
16.0
16.0
17.0
17.0
17.0
19.0
21.0
22.0
23.0
24.0
24.0
24.0
23.0
21.0
18.0
16.0
16.0
16.0
13.0
10.0
10.0
9.0
8.0
7.0
6.0
6.0
5.0
4.0
4.0
4.0
4.0
4.0
4.0
2.0
2.0
1.0
1.0
1.0
0.0
-1.0
-1.0
-2.0
-2.0
-2.0
-3.0
-3.0
-3.0
-3.0
-3.0
-3.0
-3.0
-3.0
-3.0
-3.0
-2.0
-1.0
0.0
1.7
3.1
4.0
3.9
2.8
1.6
1.0
1.0
-2.0
-3.0
-1.0
-3.0
-2.0
-3.0
-4.0
-3.0
-3.0
-4.0
-3.0
0.0
4.0
6.0
8.0
11.0
12.0
13.0
13.0
12.0
11.0
9.0
7.0
8.0
7.0
7.0
6.0
5.0
6.0
6.0
6.0
6.0
7.0
7.0
6.0
7.0
7.0
8.0
8.0
10.0
10.0
11.0
12.0
11.0
11.0
10.0
9.0
9.0
8.0
7.0
6.0
5.0
5.0
5.0
5.0
6.0
6.0
6.0
6.0
6.0
7.0
8.0
11.0
13.0
13.0
13.0
12.0
11.0
11.0
9.0
8.0
7.0
6.0
5.0
4.0
4.0
2.0
2.0
1.0
2.0
2.0
1.0
2.0
4.0
6.0
9.0
9.0
12.0
13.0
13.0
13.0
12.0
11.0
10.0
8.0
7.6
7.3
7.0
7.0
7.0
6.0
6.0
6.0
6.0
6.0
6.0
6.0
5.9
6.0
6.0
7.0
7.0
7.0
7.0
7.0
8.0
7.0
7.0
7.0
7.0
7.0
7.0
7.0
7.0
6.0
6.0
6.0
5.0
5.0
5.0
4.0
3.2
2.7
2.0
2.0
3.0
5.0
6.0
7.0
7.0
6.0
5.0
4.0
4.0
4.0
3.0
3.0
3.0
3.0
3.0
2.0
2.0
2.0
2.0
2.0
2.0
1.1
0.0
-0.8
-2.0
-2.0
-3.0
-3.0
-4.0
-5.0
-7.0
-7.0
-8.0
-8.0
-9.0
-10.0
-10.0
-11.0
-11.0
-12.0
-12.0
-13.0
-13.0
-13.0
-12.0
-11.0
-11.0
-10.0
-9.7
-9.7
-10.0
-10.0
-10.1
-11.0
-11.0
-11.0
-11.0
-11.0
-12.0
-12.0
-12.0
-12.0
-11.0
-11.0
-11.0
-11.0
-11.0
-11.0
-11.0
-9.0
-8.0
-8.0
-7.0
-6.0
-5.0
-5.0
-5.0
-5.0
-6.0
-5.0
-6.0
-6.0
-6.0
-6.0
-6.0
-6.0
-6.0
-6.0
-6.0
-6.0
-6.0
-7.0
-6.6
-6.0
-6.0
-4.0
-3.0
-3.0
-3.0
-3.0
-3.0
-3.0
-4.0
-4.0
-4.0
-4.0
-4.0
-4.0
-3.0
-4.0
-4.0
-4.0
-4.0
-4.0
-4.0
-3.0
-3.0
-3.0
-2.0
-2.0
-1.0
0.0
0.0
0.0
0.0
0.0
0.0
-1.0
-1.0
-3.0
-3.0
-4.0
-4.0
-4.0
-5.0
-6.0
-4.0
-3.0
-3.0
-3.0
-2.0
-0.9
0.0
1.0
1.0
1.0
2.0
2.0
1.0
1.0
1.0
0.0
1.0
0.1
-0.6
-1.5
-2.3
-3.2
-4.0
-5.0
-5.6
-5.6
-6.2
-5.0
-1.2
2.7
5.0
7.2
10.0
11.1
11.1
12.2
12.2
11.6
9.4
7.7
5.0
5.0
3.8
5.0
3.8
4.4
3.3
5.0
3.8
1.1
1.1
2.7
5.5
8.3
11.1
12.7
15.0
16.6
16.6
17.2
16.6
15.0
10.5
8.8
7.2
5.5
4.4
3.8
2.7
2.2
1.1
0.5
0.0
-0.6
-0.6
1.1
4.4
7.2
10.5
15.0
18.3
19.4
19.4
20.5
20.0
18.3
13.3
11.1
10.0
8.8
8.3
10.5
11.1
11.1
11.1
11.6
11.1
11.1
11.1
10.5
12.2
13.8
16.1
17.7
19.4
18.8
19.4
20.5
20.5
18.8
17.2
16.6
17.2
17.7
17.7
17.7
17.2
17.7
16.6
16.1
15.5
15.0
13.8
7.7
7.7
7.2
7.2
8.8
10.6
14.4
16.1
17.2
18.3
16.6
13.8
12.7
11.1
10.5
8.8
6.1
5.5
5.0
3.8
3.3
3.3
3.3
2.7
1.6
1.6
0.6
0.0
0.0
0.0
1.1
2.2
0.5
0.5
0.0
-1.2
-1.7
-2.8
-3.9
-5.0
-6.2
-6.7
-7.8
-8.4
-9.4
-10.0
-10.6
-11.7
-11.2
-9.5
-7.8
-5.6
-3.4
-2.8
-1.7
-0.6
-0.6
-0.6
-1.7
-3.4
-4.5
-5.0
-6.2
-6.2
-6.7
-6.7
-7.8
-8.4
-8.9
-10.0
-11.2
-12.3
-12.3
-11.7
-10.0
-8.9
-6.7
-5.0
-3.9
-3.3
-2.8
-2.8
-3.9
-6.2
-5.6
-5.6
-5.6
-5.6
-5.6
-5.6
-6.2
-8.9
-6.7
-6.7
-7.3
-6.7
-5.0
-2.3
-1.7
0.0
1.6
1.6
2.2
3.3
3.8
4.4
4.4
2.2
2.2
1.6
1.1
0.0
0.0
-1.2
-1.1
0.0
-1.2
-0.6
-1.2
-0.6
1.6
4.4
7.2
8.8
10.5
12.2
14.4
13.8
15.0
13.8
12.7
10.5
10.0
8.3
7.7
7.2
6.1
6.1
6.1
5.5
5.0
4.4
4.4
3.8
5.0
7.7
9.4
12.2
13.8
15.0
15.0
15.5
15.5
15.5
12.7
12.2
11.1
10.5
10.0
9.4
9.4
8.8
8.8
8.3
7.7
7.7
6.6
6.1
7.7
10.5
12.7
13.8
16.1
17.7
18.9
19.4
20.0
19.4
18.3
16.6
16.1
15.5
14.4
14.4
14.4
13.8
13.3
13.8
12.7
11.6
10.5
10.0
11.6
15.0
17.7
20.0
22.2
23.8
25.5
26.7
27.2
27.2
25.0
21.6
21.1
20.0
19.4
18.3
17.7
17.2
16.6
15.5
15.0
14.4
14.4
13.8
14.4
15.0
17.2
20.0
22.2
23.8
26.6
27.7
26.1
23.8
21.6
18.3
16.6
13.3
12.2
11.1
10.5
10.0
8.8
7.7
7.7
7.7
7.2
6.6
7.2
8.9
10.6
12.2
15.0
15.0
15.5
15.5
15.5
14.4
13.3
12.7
11.6
10.5
10.0
9.4
8.8
7.7
6.6
5.5
5.5
5.5
6.1
4.4
7.2
11.1
15.0
16.6
18.8
19.4
20.5
21.1
20.0
20.0
19.4
17.7
16.6
15.0
12.7
11.1
10.0
8.3
6.6
5.0
5.0
5.0
2.2
1.6
5.0
7.2
11.6
14.4
17.2
17.2
18.3
17.7
16.6
16.1
15.5
14.4
12.7
11.6
9.4
7.2
6.6
6.1
6.1
6.1
6.1
5.5
5.5
5.5
5.5
5.5
6.1
9.4
11.7
12.2
11.6
12.2
11.6
11.1
8.8
8.8
7.7
6.6
6.1
5.5
5.5
3.8
3.3
2.7
2.2
1.6
1.1
0.5
1.6
3.8
5.0
6.1
6.1
6.1
6.6
6.1
5.5
5.5
5.5
3.8
2.7
2.2
1.6
0.5
0.0
-0.6
-1.7
-1.7
-1.7
-2.3
-2.8
-2.8
-2.3
-0.6
2.2
4.4
6.1
7.7
8.3
8.8
9.4
8.8
8.3
6.6
4.4
4.4
3.8
2.2
2.7
2.7
0.5
1.1
0.0
0.0
0.5
1.1
2.7
8.8
10.0
11.7
13.3
14.4
16.1
16.6
16.6
17.2
16.6
14.4
13.8
13.8
12.2
8.8
8.3
7.2
5.5
5.0
6.1
5.5
5.0
6.1
7.2
10.0
12.7
14.4
16.1
17.2
18.8
18.8
20.0
20.5
20.0
18.3
15.5
14.4
15.5
15.5
15.0
15.0
15.5
15.0
13.8
13.8
15.0
15.0
16.1
16.6
18.8
18.8
20.5
21.6
21.6
23.8
21.1
21.1
20.0
18.8
18.8
19.4
18.8
18.3
17.2
17.2
17.2
16.6
16.6
16.1
15.5
16.1
16.6
17.7
19.4
20.0
15.5
17.2
21.6
21.6
13.8
11.1
8.3
4.4
1.6
-0.6
-1.7
-2.8
-3.4
-3.9
-4.5
-4.5
-5.0
-5.6
-5.6
-6.2
-5.0
-3.9
-2.8
-1.2
0.5
1.6
2.2
2.7
2.7
2.7
1.6
0.0
-0.6
-1.7
-2.3
-2.8
-3.4
-3.4
-3.9
-4.5
-4.5
-5.0
-5.6
-5.6
-3.4
-1.2
0.5
1.1
3.8
5.5
7.2
6.6
6.1
5.5
3.3
2.7
2.7
2.2
2.2
1.6
1.6
1.6
1.6
1.1
1.1
1.1
1.1
1.6
2.2
2.2
2.7
3.3
3.3
3.3
3.3
3.3
2.7
2.7
2.7
2.7
2.2
2.2
2.7
2.7
2.7
2.7
3.3
2.7
2.7
2.7
2.7
3.3
3.3
3.3
3.8
5.0
5.5
5.5
6.6
7.2
7.2
6.6
6.6
6.1
6.1
6.1
6.1
6.1
6.1
6.1
5.5
5.5
5.0
5.0
5.0
5.5
6.1
6.6
9.4
12.7
15.5
16.6
17.2
17.7
17.2
17.7
17.2
15.5
13.8
13.3
12.2
11.1
11.1
11.1
10.5
11.1
11.6
12.2
12.2
12.2
12.7
16.1
17.7
20.5
21.6
22.7
22.7
16.6
15.0
10.0
7.7
6.6
5.0
4.4
3.8
3.8
3.3
2.7
1.6
1.6
1.1
1.1
0.5
1.1
2.7
4.4
7.7
9.4
12.2
13.3
15.0
15.0
15.5
15.0
13.8
11.1
10.0
9.4
8.6
7.8
7.0
6.2
5.4
4.6
3.8
3.3
2.7
3.8
6.1
9.4
11.6
14.4
16.1
17.7
18.9
19.4
19.4
18.8
17.8
15.0
13.3
12.2
11.6
11.1
10.5
10.0
9.4
8.3
7.7
7.7
7.7
10.5
12.2
15.0
17.7
20.0
21.6
23.8
23.8
25.0
24.4
23.8
22.2
20.0
18.8
17.7
16.6
16.1
15.0
13.8
12.2
11.6
12.2
12.2
12.2
12.7
13.3
15.0
17.7
20.0
21.1
21.6
22.2
20.0
23.8
22.7
22.7
20.0
16.1
13.3
11.6
11.1
10.5
10.0
8.3
6.6
5.5
4.4
3.8
3.3
3.8
5.0
6.6
8.3
10.5
11.6
12.7
12.7
12.7
11.6
11.6
10.0
9.2
8.8
7.7
7.2
6.1
5.0
3.8
3.3
3.3
2.7
1.6
1.1
1.6
1.6
2.7
3.3
4.4
6.1
6.1
7.2
7.2
7.2
6.6
5.5
5.0
5.0
4.4
3.3
1.6
2.7
2.7
0.5
1.1
0.5
0.5
1.6
3.8
6.1
8.3
10.0
10.5
12.7
13.8
14.4
15.5
15.0
13.8
10.5
7.7
7.7
6.1
8.3
8.8
8.3
8.1
7.7
7.7
7.2
7.2
7.7
10.0
13.3
16.6
17.7
21.1
21.1
21.1
21.6
22.7
23.3
21.6
18.8
16.6
15.0
11.1
10.5
11.1
10.5
9.4
7.7
6.6
5.0
5.5
5.0
7.7
10.5
12.7
15.0
15.6
17.2
18.8
19.4
17.7
17.7
17.2
16.6
15.5
14.4
13.3
13.3
12.7
12.2
10.5
10.0
10.5
9.4
8.3
9.4
13.3
15.0
17.7
20.5
21.1
22.2
23.8
24.4
24.4
23.8
22.7
20.5
18.3
16.6
15.0
13.8
13.3
12.7
12.2
10.5
10.0
9.4
8.3
8.8
11.6
14.4
16.6
18.3
20.5
22.2
23.3
23.8
23.8
23.3
22.2
20.5
19.4
18.3
18.3
17.7
17.7
17.7
17.2
16.6
16.6
16.1
15.5
16.1
18.3
18.3
22.7
25.0
27.2
27.7
28.3
28.3
28.3
27.2
25.5
23.8
23.3
22.2
21.6
21.1
20.0
19.4
18.8
17.7
17.2
16.6
13.0
10.5
10.0
9.4
10.0
11.1
11.6
11.6
11.6
12.2
13.8
15.5
15.0
14.4
12.7
11.1
11.6
8.8
7.7
8.8
9.4
8.8
8.3
7.2
7.2
7.7
10.5
12.7
15.5
17.7
19.4
21.1
22.2
23.3
23.3
23.3
22.7
20.5
19.4
18.8
18.3
18.3
17.7
17.2
17.2
16.1
15.0
12.7
12.2
12.7
13.8
15.5
16.6
15.5
12.7
12.2
11.6
10.5
10.0
8.8
8.3
7.7
7.2
6.6
6.1
5.5
5.0
4.4
3.8
3.8
3.3
3.3
2.7
4.4
6.6
8.8
10.5
12.7
14.4
16.1
16.6
17.7
18.3
17.7
17.7
15.5
15.0
13.3
11.1
10.0
8.8
7.7
6.1
6.1
5.5
5.5
5.0
7.7
12.2
17.2
20.0
22.2
23.9
24.4
25.0
25.0
25.0
23.8
23.3
21.1
18.8
17.7
16.6
16.1
15.5
15.5
14.4
13.3
13.3
12.7
12.7
13.3
15.5
17.7
20.0
22.2
23.3
24.4
25.5
26.1
26.1
26.1
24.4
22.7
22.2
21.6
21.1
21.1
20.0
20.0
19.4
18.8
18.3
18.3
17.2
16.6
20.0
21.6
23.3
24.4
26.1
26.6
26.6
27.2
27.7
27.2
26.6
23.3
21.6
23.3
22.7
20.5
19.4
20.0
19.4
18.8
18.8
17.7
14.4
17.7
21.6
23.8
25.5
26.6
27.2
28.3
30.0
28.8
28.8
28.3
26.6
24.4
22.2
20.5
20.0
16.7
14.4
12.7
11.6
10.5
9.4
7.7
7.2
9.4
12.2
14.4
17.2
19.4
20.0
21.1
20.5
21.6
22.2
21.6
21.6
20.5
18.8
17.7
16.1
15.0
13.8
13.3
13.3
13.3
13.3
13.8
13.3
13.8
16.1
18.3
20.5
20.0
18.3
21.1
22.7
24.4
23.8
22.2
22.2
20.0
18.8
18.3
15.5
15.5
15.0
15.0
15.0
14.4
11.1
10.0
10.0
10.0
8.8
8.9
9.4
8.8
8.8
7.7
8.3
8.9
10.0
10.5
11.1
11.1
10.0
9.4
7.7
7.2
5.5
5.5
5.5
5.0
5.5
4.4
3.3
5.0
9.4
12.2
13.8
15.0
16.1
17.7
18.8
19.4
20.0
20.0
20.0
16.6
14.4
13.8
13.8
13.3
12.2
11.6
11.6
11.1
11.1
11.6
11.1
12.7
15.5
16.6
20.5
22.2
23.3
25.0
26.1
26.6
27.2
25.5
25.5
23.3
22.2
21.1
21.1
21.1
21.1
21.1
21.1
20.5
19.4
18.8
18.3
18.3
20.5
21.6
21.6
22.7
23.8
23.3
23.8
23.3
23.3
22.2
21.6
21.1
19.4
18.8
16.6
15.0
13.8
13.3
13.3
11.1
11.1
11.1
10.5
12.7
14.4
17.2
18.8
20.5
21.6
23.3
23.3
22.7
23.3
23.3
22.7
20.0
19.4
17.2
18.3
16.6
15.0
15.0
15.6
15.0
13.3
12.7
11.6
14.4
17.7
19.4
22.2
23.3
24.4
25.0
26.1
26.6
26.1
25.0
24.4
23.8
22.7
22.7
22.2
22.2
22.2
21.6
21.6
21.6
21.6
21.6
21.6
21.1
20.5
20.0
13.3
13.3
12.7
12.7
12.7
12.7
12.2
11.6
11.1
11.1
11.1
10.5
9.4
7.2
7.2
7.2
6.6
5.5
6.1
6.6
6.7
6.6
7.7
8.3
8.8
10.0
10.0
12.2
13.3
14.4
13.3
13.8
13.8
12.7
11.1
9.4
9.4
8.8
5.0
4.4
4.4
5.0
4.4
3.3
5.0
6.6
9.4
13.3
16.6
19.4
20.5
22.2
22.2
22.7
23.3
23.3
22.7
19.4
15.0
16.1
14.9
13.8
12.6
11.5
10.3
9.2
8.0
8.0
7.0
8.0
8.0
8.0
9.0
11.0
12.0
16.0
16.0
16.0
18.0
18.0
17.0
15.0
12.0
11.0
10.0
11.0
10.0
9.0
9.0
9.0
8.0
7.0
8.0
10.0
13.0
16.0
18.0
20.0
22.0
22.0
23.0
22.0
22.0
21.0
20.0
18.0
15.0
14.0
12.0
12.0
10.0
10.0
9.0
8.0
7.0
5.0
7.0
8.0
10.0
13.0
15.0
16.0
17.0
19.0
20.0
20.0
21.0
21.0
20.0
19.0
17.0
16.0
15.0
15.0
15.0
14.0
14.0
13.0
13.0
13.0
13.0
16.0
19.0
22.0
24.0
25.0
26.0
27.2
28.0
28.0
28.0
27.0
26.0
23.0
20.0
19.0
19.0
17.0
16.0
16.0
15.0
15.0
15.0
14.0
14.0
17.0
19.0
21.0
23.0
25.0
26.0
27.0
27.0
28.0
28.0
27.0
26.0
24.0
22.0
21.0
20.0
20.0
19.0
18.0
18.0
17.0
16.0
16.0
15.0
17.0
19.5
22.0
25.0
26.0
27.0
28.0
28.0
28.0
28.0
27.0
25.0
23.0
22.0
21.0
20.0
19.0
19.0
19.0
18.0
17.0
17.0
16.0
17.0
19.0
21.0
23.0
24.0
24.0
26.0
27.0
26.0
26.0
26.0
26.0
24.0
23.0
23.0
21.0
19.0
18.0
18.0
17.0
17.0
17.0
17.0
16.0
16.0
18.0
20.0
23.0
24.0
26.0
27.0
27.0
28.0
28.0
27.0
27.0
26.0
24.0
23.0
22.0
21.0
20.0
19.0
19.0
18.0
17.0
17.0
17.0
17.0
18.0
20.0
22.0
23.0
24.0
25.0
25.0
26.0
26.0
25.0
26.0
24.7
23.0
22.0
21.0
21.0
20.0
19.0
19.0
19.0
19.0
19.0
18.0
18.0
19.0
20.0
22.0
25.0
25.0
27.0
27.0
27.0
26.0
26.0
26.0
25.0
24.0
23.0
22.0
21.0
20.0
20.0
20.0
19.0
19.0
20.0
20.0
20.0
21.0
22.0
23.5
25.0
26.0
26.0
28.0
28.0
26.0
25.0
25.0
24.0
21.0
20.0
20.0
20.0
20.0
20.0
19.0
19.0
20.0
20.0
20.0
20.0
21.0
22.0
23.0
24.0
26.0
26.0
28.0
28.0
29.0
29.0
29.0
27.0
26.0
25.0
25.0
25.0
25.0
24.0
24.0
24.0
23.0
23.0
23.0
22.0
23.0
24.0
25.0
26.0
26.0
28.0
18.0
14.0
12.0
12.0
11.0
10.0
9.0
9.0
9.0
8.0
8.0
8.0
8.0
8.0
7.0
7.0
7.0
7.0
7.0
8.0
8.0
8.0
11.0
11.0
12.0
14.0
16.0
17.0
17.0
16.0
14.0
13.0
12.0
10.0
10.0
10.0
9.0
8.0
8.0
8.0
8.0
6.0
10.0
12.0
14.0
16.0
18.0
19.0
21.0
22.0
22.0
22.0
22.0
21.0
20.0
19.0
18.0
17.0
16.0
15.0
14.0
14.0
14.0
15.0
14.0
14.0
14.0
17.0
19.0
21.0
22.0
22.0
23.0
24.0
24.0
24.0
24.0
23.0
22.0
20.8
20.0
19.0
19.0
18.0
17.9
18.0
18.0
18.0
18.0
18.0
18.0
20.0
22.0
23.2
24.0
26.0
25.0
26.0
26.0
27.0
26.0
25.0
24.0
23.0
22.0
22.0
21.0
20.0
20.0
20.0
20.0
21.0
21.0
22.0
22.0
23.0
24.0
24.0
26.0
27.0
28.0
29.0
28.0
29.0
28.0
27.0
26.0
25.0
24.0
23.0
23.0
22.0
22.0
22.0
22.0
22.0
22.0
21.0
22.0
23.0
25.0
26.0
27.0
28.0
29.0
29.0
30.0
30.0
30.0
29.0
27.0
26.0
25.0
24.0
24.0
23.0
23.0
22.0
22.0
22.0
21.0
22.0
22.0
24.0
26.0
27.0
29.0
29.0
30.0
31.0
30.0
30.0
29.0
28.0
27.0
25.0
24.0
23.0
23.0
23.0
22.0
22.0
22.0
22.0
21.0
21.0
22.0
23.0
24.0
26.0
26.0
27.0
28.0
27.0
28.0
28.0
27.0
27.0
26.0
25.0
24.0
24.0
24.0
24.0
23.0
22.0
22.0
22.0
22.0
21.0
22.0
23.0
23.0
25.0
26.0
26.0
27.0
27.0
27.0
26.0
26.0
26.0
26.0
25.0
24.0
24.0
24.0
24.0
24.0
23.0
23.0
23.0
22.0
22.0
23.0
24.0
26.0
28.0
29.0
30.0
32.0
33.0
33.0
33.0
31.0
30.0
29.0
27.0
26.0
25.0
24.0
24.0
23.0
23.0
22.0
22.0
22.0
21.0
22.0
23.0
25.0
27.0
28.0
29.0
29.0
30.0
30.0
30.0
27.0
26.0
25.0
25.0
24.0
25.0
25.0
24.0
23.0
23.0
22.0
22.0
22.0
22.0
22.0
23.0
23.0
23.0
24.0
24.0
23.0
23.0
23.0
21.0
21.0
20.0
20.0
19.0
19.0
18.0
18.0
18.0
18.0
19.0
20.0
21.0
21.0
21.0
21.0
24.0
26.0
26.0
27.0
27.0
29.0
30.0
30.0
29.0
28.0
28.0
26.0
27.0
27.0
26.0
25.0
24.0
24.0
24.0
24.0
23.0
22.0
23.0
24.0
24.0
26.0
26.0
27.0
27.0
27.0
29.0
27.0
27.0
26.0
25.0
23.0
24.0
22.0
21.0
21.0
20.0
20.0
20.0
19.0
18.0
17.0
17.0
20.0
22.0
25.0
26.0
28.0
29.0
30.0
30.0
31.0
30.0
29.0
29.0
28.0
26.0
24.0
23.0
22.0
21.0
20.4
20.0
20.0
20.0
20.0
20.0
22.0
23.0
24.0
26.0
28.0
29.0
29.0
29.0
30.0
29.0
29.0
28.0
27.0
27.0
27.0
26.0
26.0
26.0
25.0
24.0
24.0
24.0
24.0
24.0
22.0
22.0
23.0
24.0
26.0
27.0
28.0
29.0
29.0
29.0
29.0
29.0
27.0
25.0
22.0
21.0
20.0
18.0
15.0
16.0
17.0
16.0
16.0
15.0
18.0
20.0
22.0
23.0
25.1
27.0
28.0
29.0
29.0
29.0
29.0
28.0
27.0
25.0
23.0
23.2
23.4
23.6
23.8
24.0
24.2
24.4
24.4
24.4
25.0
26.1
27.2
28.3
29.4
30.0
30.6
29.4
30.0
29.4
29.4
28.9
28.3
27.8
17.8
20.0
20.0
18.9
18.9
18.9
18.9
18.9
18.9
19.4
19.4
19.4
21.7
23.9
25.6
25.0
26.7
28.3
29.4
28.9
26.1
21.7
20.6
19.4
19.4
20.6
20.6
20.0
20.0
20.0
19.4
18.9
18.9
20.0
22.8
23.3
23.9
23.9
25.0
26.1
25.6
26.7
27.2
27.2
27.2
26.7
24.4
22.8
22.2
21.1
20.0
20.0
19.4
18.3
18.3
17.8
17.2
17.8
20.6
23.3
26.1
28.3
29.4
30.0
30.6
31.7
31.7
31.7
32.2
31.1
29.4
27.8
26.7
25.6
25.6
25.6
25.0
24.4
24.4
24.4
23.9
23.9
25.6
27.8
30.0
23.9
21.1
21.7
21.7
22.8
21.7
23.3
23.3
22.8
22.2
21.7
21.7
21.1
21.1
21.1
21.1
20.6
20.6
20.6
20.6
21.1
21.7
22.2
23.3
23.3
23.9
25.0
27.2
27.2
28.3
28.3
27.8
27.2
25.6
24.4
24.4
23.9
23.9
23.9
23.3
22.8
21.7
21.1
21.1
20.6
21.1
22.8
20.6
20.0
21.1
21.7
22.8
23.3
24.4
25.0
23.9
23.9
23.9
23.3
21.7
21.7
21.7
21.7
21.7
21.7
21.7
21.7
21.7
21.7
21.7
21.7
22.8
22.8
25.0
26.7
28.9
27.2
25.6
25.0
23.9
23.3
22.2
21.7
21.1
20.6
20.0
19.4
20.0
20.0
19.4
19.4
20.0
20.0
21.1
23.9
25.0
26.1
27.2
27.2
27.2
27.8
28.3
28.9
28.3
26.7
26.7
25.0
23.3
23.3
22.8
22.2
21.7
21.7
21.7
21.7
21.7
21.7
23.3
23.9
26.7
27.2
28.3
29.4
29.4
29.4
30.0
30.0
30.0
28.9
27.2
25.6
25.0
24.4
23.9
22.8
22.8
21.1
21.1
20.6
20.6
20.6
23.3
25.6
27.2
30.0
31.1
31.7
31.1
32.2
31.1
30.6
30.6
30.6
28.9
27.2
26.7
26.1
25.0
22.8
22.8
22.2
22.2
22.2
21.7
22.2
24.4
26.7
29.4
31.7
32.8
33.3
33.9
33.9
34.4
33.9
33.9
32.8
30.0
28.3
27.2
26.7
26.7
26.7
23.3
22.2
22.2
21.7
21.7
24.4
22.8
23.3
27.2
30.6
32.8
33.3
33.9
34.4
35.0
34.4
33.9
32.8
31.1
30.0
29.4
28.9
27.8
27.8
27.2
26.7
26.7
26.1
25.6
25.6
26.7
27.8
28.9
30.0
30.0
30.6
31.7
33.3
33.9
33.3
33.3
32.8
30.6
29.4
28.3
27.8
27.2
26.7
26.1
26.7
25.6
25.6
25.6
25.0
25.0
26.7
27.2
27.2
28.9
30.0
30.0
32.2
32.8
31.7
32.8
29.4
25.6
27.2
26.1
26.7
26.1
25.0
25.0
23.9
22.8
21.7
20.6
21.1
22.8
23.9
26.1
27.8
29.4
30.0
31.1
31.7
32.2
31.7
31.7
31.7
30.0
27.8
26.7
26.1
25.6
24.4
23.9
23.9
22.8
22.2
22.2
22.8
25.0
27.8
29.4
30.6
31.1
32.8
32.2
32.2
33.3
32.8
32.8
32.2
30.0
29.4
28.3
27.2
27.8
26.1
24.4
23.3
23.3
23.9
23.3
24.4
26.1
28.9
30.6
31.7
33.3
33.9
34.4
35.0
35.0
34.4
33.9
33.9
32.2
30.0
28.9
28.9
28.3
27.8
26.1
26.7
25.6
25.0
25.0
25.6
27.2
28.3
30.0
32.2
33.3
32.8
33.9
34.4
35.0
33.9
33.9
32.8
31.1
29.4
28.3
27.8
27.2
26.1
26.1
25.0
25.0
25.0
23.9
23.9
25.6
27.2
28.9
31.7
33.3
34.4
34.4
35.0
34.4
33.3
32.8
33.9
32.2
30.6
28.3
27.2
27.2
26.7
25.6
25.0
24.4
25.0
24.4
25.0
25.6
27.8
30.0
29.4
32.8
33.9
34.4
35.0
35.0
34.4
35.0
33.9
32.2
28.9
27.8
26.7
25.6
24.4
23.9
25.0
25.0
24.4
24.4
25.0
25.6
30.6
26.7
30.6
32.8
34.4
35.6
35.6
27.2
25.6
25.6
26.1
25.0
24.4
23.3
22.8
23.3
22.2
21.7
21.1
20.6
21.7
20.6
20.0
22.8
25.6
27.2
28.9
30.6
31.7
32.2
32.2
30.6
20.0
21.1
22.8
23.9
23.3
22.2
22.8
21.7
22.2
21.7
22.2
22.2
21.7
21.1
22.2
23.3
25.6
28.3
30.0
30.6
32.2
33.3
33.9
34.4
33.9
34.4
33.9
32.2
30.6
29.4
28.3
27.8
27.2
26.1
25.6
25.0
24.4
23.9
23.9
25.6
28.9
30.6
31.7
32.8
33.9
33.9
35.0
35.0
34.4
34.4
33.3
31.7
29.4
28.3
27.2
26.7
26.1
25.0
25.0
23.9
23.3
22.8
23.9
25.6
28.3
30.0
31.7
32.8
32.8
33.9
34.4
33.9
33.3
33.3
32.8
31.7
29.4
28.3
27.8
27.2
26.1
25.6
25.6
25.6
25.6
25.6
25.6
27.2
28.9
30.6
31.7
32.8
33.9
33.9
34.4
33.9
34.4
33.3
32.8
31.7
30.0
28.9
27.8
27.2
26.7
26.7
26.1
25.6
25.0
24.4
24.4
25.0
26.7
28.9
30.6
31.7
32.8
33.9
33.9
34.4
33.3
33.3
32.8
29.4
29.4
28.3
28.3
27.2
26.1
25.6
25.0
24.4
23.9
22.8
22.8
24.4
26.1
28.3
29.4
31.1
32.2
31.7
32.8
33.3
32.8
33.3
32.8
31.1
29.4
28.3
26.7
26.1
25.6
25.0
24.4
24.4
23.9
22.8
22.8
24.4
26.7
28.9
30.6
31.7
31.7
33.3
33.9
33.9
34.4
35.0
33.3
31.7
29.4
28.3
27.6
26.9
26.2
25.4
24.7
24.0
23.3
23.3
24.4
25.6
26.7
26.7
26.7
30.0
32.8
33.3
32.8
32.8
33.9
33.9
33.9
31.1
27.8
28.9
29.4
29.4
27.8
26.1
25.0
26.1
27.2
26.1
26.1
27.2
28.3
26.1
24.4
26.1
26.1
26.1
31.1
33.9
32.8
33.9
33.3
31.7
29.4
28.3
27.8
27.8
27.8
27.2
25.6
19.4
21.7
21.1
20.6
20.0
20.6
20.0
21.1
22.8
24.4
27.2
28.3
28.3
28.3
29.4
29.4
28.3
26.7
23.9
23.9
23.9
23.3
22.8
22.8
22.2
22.2
21.7
22.2
24.4
27.2
28.9
31.1
32.8
33.9
34.4
35.0
35.0
34.4
34.4
33.3
31.7
27.8
26.1
26.7
26.1
25.0
23.9
23.3
22.2
23.9
22.8
23.3
25.6
27.8
29.4
31.1
32.2
33.3
33.9
35.0
35.0
33.9
34.4
33.9
31.7
29.4
27.8
26.7
26.1
25.6
25.0
23.9
23.3
22.8
22.2
22.2
25.0
27.2
30.0
32.2
33.3
34.4
34.4
35.0
35.0
34.4
35.0
34.4
32.8
31.1
29.4
28.9
27.8
27.2
26.1
26.1
25.6
24.4
23.9
23.9
26.7
29.4
31.1
32.8
33.9
35.0
35.6
35.6
35.6
34.4
35.0
34.4
32.8
31.1
29.4
28.3
27.8
26.1
26.7
26.1
25.0
24.4
24.4
24.4
26.7
29.4
31.1
33.3
33.9
34.4
35.6
36.1
36.1
35.6
35.0
34.4
32.8
31.1
30.0
28.9
28.3
27.8
27.2
26.7
26.7
26.1
25.6
25.0
27.2
28.3
30.6
31.7
32.8
33.9
34.4
35.6
36.1
36.1
36.1
35.6
33.3
30.6
30.0
29.4
28.3
27.8
27.2
26.1
26.1
25.6
26.1
26.1
27.2
28.9
31.1
32.2
33.3
33.9
35.0
35.6
36.1
35.6
35.0
34.4
33.3
30.6
29.4
28.3
28.3
27.8
27.2
27.2
27.2
26.7
26.1
25.6
27.8
29.4
31.1
33.3
33.3
35.0
35.0
35.0
35.6
35.6
35.6
35.0
32.8
31.1
29.4
28.3
27.2
26.1
26.7
26.7
26.1
24.4
25.0
25.0
27.2
30.0
30.6
32.2
33.3
35.0
33.9
35.0
36.1
35.6
36.1
35.0
32.8
31.7
30.6
28.9
26.7
27.2
26.1
26.1
25.6
25.6
24.4
24.4
25.6
27.2
28.9
30.6
32.2
32.8
33.9
35.0
35.0
33.9
32.8
32.8
31.7
30.6
30.0
29.4
28.3
27.2
26.7
26.1
25.0
23.9
23.9
24.4
25.0
26.1
27.8
28.9
29.4
32.2
31.7
32.8
31.7
31.7
32.2
31.7
30.6
28.3
27.8
27.2
27.2
26.7
26.7
26.1
23.9
25.0
25.0
25.0
25.6
26.1
27.2
29.4
30.0
31.7
32.8
34.4
34.4
34.4
33.9
32.8
31.7
30.6
30.0
28.9
28.3
27.8
26.7
26.1
25.6
25.6
25.0
25.0
26.1
28.3
30.0
31.7
32.8
33.3
34.4
35.6
35.6
35.6
35.6
33.9
33.3
31.1
30.0
29.4
27.8
28.3
27.2
25.0
25.0
24.4
24.4
23.9
25.6
27.8
30.0
32.2
33.3
34.4
35.0
35.0
35.6
35.0
35.0
33.9
32.2
30.0
28.9
27.8
26.1
24.4
24.4
22.2
22.8
22.8
22.2
22.8
24.4
27.2
29.4
31.7
33.3
34.4
36.1
37.2
36.7
37.2
36.7
36.1
34.4
32.2
30.6
29.4
28.3
28.3
27.8
27.8
27.2
27.2
26.7
26.1
30.0
30.0
32.2
33.3
35.0
36.1
37.2
37.2
38.3
37.8
37.8
36.7
35.0
32.8
31.7
31.1
30.0
29.4
28.9
28.3
27.2
26.7
27.8
27.8
27.2
27.2
26.7
27.8
27.2
28.9
30.0
33.9
33.9
35.0
35.0
34.4
32.8
30.6
29.4
28.9
27.8
27.8
27.2
26.7
25.6
25.0
25.0
24.4
26.1
28.9
30.6
32.8
33.9
35.0
36.1
36.1
36.7
36.1
35.6
35.0
33.3
31.7
30.6
29.4
28.9
28.3
27.8
27.8
26.7
26.1
25.6
25.6
26.7
29.4
33.9
33.9
35.6
36.7
37.2
38.3
37.8
37.8
36.1
36.1
34.4
31.7
31.1
29.4
28.3
27.2
26.1
25.6
25.0
26.1
25.0
24.4
26.7
29.4
32.2
33.9
35.0
36.1
36.7
36.7
37.2
36.7
36.1
35.6
33.3
31.1
30.0
28.9
27.2
26.7
26.7
28.9
26.1
25.0
24.4
24.4
25.6
25.6
26.1
28.3
29.4
30.6
32.2
32.2
32.2
28.9
26.7
24.4
23.3
23.3
22.8
20.6
21.1
21.1
21.1
21.1
20.6
20.6
20.6
21.1
21.1
21.7
23.3
26.1
28.3
29.4
30.6
31.7
31.7
31.7
31.7
30.6
30.0
27.8
25.6
25.0
23.9
23.3
22.8
22.8
22.8
22.2
21.1
20.6
21.7
23.3
25.0
26.1
27.8
28.9
30.6
30.6
29.4
28.9
28.9
27.8
26.7
25.6
24.4
23.3
22.8
22.8
22.8
22.8
23.3
23.3
23.3
23.3
23.9
22.8
23.3
23.9
26.1
27.2
28.9
28.3
27.8
28.3
28.3
26.7
25.6
24.4
23.3
23.3
23.9
23.9
23.9
23.9
23.3
23.9
22.8
23.3
24.4
25.0
25.6
28.3
28.9
32.2
32.2
32.8
33.3
33.3
31.1
28.9
31.1
28.9
27.2
27.2
26.1
26.7
25.6
26.1
25.6
25.0
24.4
23.3
23.9
25.6
27.8
28.9
30.6
32.8
33.3
35.0
35.6
35.0
34.4
33.9
32.2
29.4
27.8
26.7
25.6
24.4
23.3
22.8
22.2
21.7
21.7
21.7
23.3
25.6
27.8
29.4
31.1
32.8
34.4
35.6
36.7
36.7
36.1
35.6
33.3
28.3
27.2
26.1
24.4
22.8
22.2
22.2
22.2
21.7
21.1
21.1
23.9
28.9
31.7
33.3
35.0
36.1
37.2
37.8
38.3
37.8
37.2
36.1
33.9
30.6
28.9
27.8
26.7
25.6
24.4
23.3
22.2
21.1
20.5
19.4
21.6
24.4
27.7
29.4
31.1
33.3
33.3
33.8
34.4
33.3
32.7
31.6
29.4
28.3
27.2
26.6
26.1
25.5
24.4
23.8
22.7
22.7
21.1
21.6
22.7
25.5
26.6
28.3
30.5
31.1
32.2
32.7
32.7
33.3
31.1
30.0
28.8
27.7
27.2
26.1
25.5
25.0
23.8
23.3
22.7
21.6
21.1
20.5
22.7
24.4
27.7
30.0
30.0
31.6
31.6
32.7
32.2
32.7
31.6
31.1
29.4
27.7
26.6
25.5
25.0
23.8
23.8
24.4
23.8
23.3
23.3
22.7
23.3
25.5
25.5
26.6
28.3
31.6
32.7
33.3
33.8
33.8
34.4
31.6
29.4
27.7
24.4
22.7
22.7
21.6
21.1
21.1
20.5
20.5
20.5
21.1
21.6
22.7
24.4
26.6
27.7
31.1
30.0
30.5
30.0
30.0
28.8
28.3
26.6
24.4
22.7
22.2
21.6
21.6
21.1
20.5
20.0
19.4
20.0
18.3
19.4
20.5
22.7
27.2
28.3
30.0
31.1
31.6
32.2
32.2
31.7
31.6
28.8
27.2
26.1
25.5
25.0
25.0
24.4
24.4
23.8
23.8
23.8
23.8
24.4
22.2
22.2
23.3
25.0
26.6
30.5
33.3
32.7
31.6
30.0
27.7
25.5
24.4
22.7
21.6
21.1
20.5
20.0
19.4
19.4
19.4
19.4
18.8
19.4
21.1
25.0
27.7
30.0
31.1
32.2
32.2
32.2
32.2
31.6
30.0
28.9
27.2
25.5
25.5
23.9
23.3
22.7
22.7
22.2
22.2
21.1
20.5
22.2
23.8
26.6
28.8
29.4
29.4
32.2
32.2
32.2
32.2
30.5
30.0
28.3
27.2
26.1
24.4
23.8
22.7
21.1
22.2
21.6
20.5
21.1
21.1
22.2
25.6
28.3
29.4
31.1
31.6
32.7
32.7
33.3
33.3
32.7
31.6
30.0
27.7
26.1
25.5
25.0
24.4
23.8
23.3
22.7
22.2
21.6
22.2
26.1
26.1
29.4
31.6
33.3
32.2
35.0
33.8
35.0
33.8
34.4
33.3
31.1
29.4
27.2
26.1
25.0
23.8
23.3
22.7
22.7
22.2
22.2
21.6
23.3
25.5
28.8
31.1
32.8
33.8
34.4
35.5
36.1
35.0
33.8
33.3
31.1
28.8
27.7
26.6
26.1
25.0
24.4
24.4
23.3
23.3
22.7
22.7
23.8
27.2
30.0
31.6
33.3
35.0
36.1
36.6
36.1
36.1
36.1
34.4
32.2
29.4
28.3
27.2
26.1
25.5
24.4
24.4
25.0
24.4
25.0
24.4
25.5
27.2
28.8
30.0
29.4
31.1
30.0
29.4
30.5
30.5
30.0
26.6
25.0
23.3
22.7
22.2
22.2
22.2
21.6
20.5
18.8
18.3
17.2
13.8
15.5
19.4
21.1
22.7
25.0
26.6
27.7
29.4
30.0
28.8
28.8
27.7
26.1
24.4
23.3
22.7
22.2
22.2
20.5
20.5
16.6
16.6
16.6
15.0
18.3
22.2
25.5
27.2
28.8
31.1
31.1
32.2
33.3
33.9
32.2
31.6
29.4
26.6
25.5
25.0
22.7
20.5
21.7
21.6
18.3
18.8
18.3
19.4
21.6
23.8
26.6
28.8
31.6
33.3
33.8
35.0
32.7
30.5
22.7
23.3
23.3
23.8
24.4
23.9
23.3
24.4
23.3
22.8
22.8
22.2
21.6
21.6
22.2
23.3
24.4
27.2
30.5
32.2
35.5
36.6
37.2
36.1
35.0
33.8
31.6
30.0
29.4
27.7
27.2
26.6
26.1
26.1
26.1
25.5
25.5
26.1
26.1
26.1
27.2
28.3
31.1
31.7
32.8
34.4
37.2
37.2
36.1
35.5
33.8
32.2
31.1
30.5
30.0
29.4
27.7
26.1
25.0
23.8
23.3
22.7
22.2
22.2
22.7
22.7
23.3
24.4
26.1
27.2
28.8
27.2
27.2
27.2
25.0
22.7
22.7
22.2
22.2
21.1
18.8
20.0
18.8
19.4
18.3
17.7
19.4
21.6
24.4
26.1
27.7
28.9
28.9
29.4
30.0
29.4
28.8
27.7
26.1
24.4
22.7
22.2
21.6
21.1
20.5
19.4
19.4
19.4
17.7
18.8
20.0
22.2
24.4
26.7
28.8
29.4
30.0
31.1
31.1
31.1
31.1
29.4
28.3
25.5
24.4
23.3
22.2
21.6
21.6
21.1
20.5
19.4
19.4
18.8
19.4
22.2
26.6
28.8
31.1
31.6
34.4
34.4
34.4
34.4
32.2
32.7
30.5
28.3
27.2
26.1
25.6
24.4
23.8
23.3
23.3
23.3
23.3
22.2
23.3
25.5
28.8
30.0
32.7
33.8
34.4
35.0
35.5
35.0
33.3
32.7
30.5
28.8
27.7
27.2
26.1
25.5
25.5
24.4
23.9
23.3
23.3
23.8
23.8
26.6
28.8
30.0
33.3
34.4
35.5
36.6
36.1
36.1
35.5
33.8
31.6
30.5
29.4
28.3
27.2
27.2
26.1
26.1
25.5
25.0
24.4
23.8
25.0
26.6
27.2
27.7
30.0
33.3
36.1
36.1
36.1
36.6
36.6
35.5
32.7
31.6
30.0
29.4
28.3
27.7
27.2
26.1
26.1
25.0
24.4
23.8
24.4
26.6
30.0
32.2
33.8
33.3
37.2
36.6
37.2
37.2
36.1
33.8
31.6
30.0
28.8
27.7
27.2
26.6
25.5
25.0
25.0
24.4
23.8
22.7
23.3
26.1
28.8
31.6
33.3
34.4
36.6
36.6
37.2
36.6
36.1
35.0
32.2
30.5
28.8
27.7
26.6
26.6
25.5
24.4
23.3
22.2
21.6
21.6
22.7
26.1
29.4
31.6
33.3
35.0
36.6
37.2
37.7
36.6
36.1
35.0
32.2
30.5
29.4
28.3
27.7
26.6
26.1
26.1
25.5
25.0
24.4
24.4
25.0
27.2
29.4
32.2
33.8
35.5
36.1
36.6
37.7
37.2
36.6
34.4
27.7
23.3
22.2
22.2
22.2
22.7
22.7
21.6
20.5
20.0
20.5
20.5
20.0
21.1
20.6
21.7
21.1
21.1
21.1
22.2
22.7
23.3
23.3
23.3
22.7
22.2
22.2
22.4
22.5
22.7
22.8
23.0
23.1
23.3
23.8
23.3
23.8
27.2
30.0
31.6
33.8
35.0
35.0
36.1
35.0
34.4
33.8
32.7
32.2
31.1
29.4
27.2
26.6
27.2
26.6
26.1
25.5
23.8
24.4
22.2
22.7
25.0
27.2
29.4
32.2
33.8
35.0
36.1
36.1
35.5
35.5
33.8
31.7
29.4
27.7
26.6
25.5
25.0
23.8
23.3
23.8
25.0
25.0
24.4
25.0
26.6
28.8
31.6
33.8
35.0
36.1
34.4
37.2
37.2
35.5
35.0
32.7
30.0
28.8
30.0
30.0
28.3
26.1
26.1
25.5
25.5
25.5
25.0
23.8
26.6
28.8
31.1
33.8
34.4
36.1
35.0
35.5
36.6
35.5
34.4
33.3
31.6
27.7
26.1
25.0
23.3
22.2
21.1
20.5
20.0
19.4
18.8
19.4
21.6
23.8
25.5
27.2
28.8
30.5
31.6
32.7
32.7
32.2
31.1
29.4
28.3
27.2
27.2
26.6
26.1
26.1
25.5
25.5
24.4
24.4
23.8
24.4
25.5
27.2
29.4
30.0
32.2
34.4
34.4
35.0
35.0
33.8
32.7
30.5
30.0
29.4
28.3
27.2
27.2
27.2
26.6
26.6
26.1
21.1
20.0
20.0
21.1
21.1
23.9
22.7
23.3
27.2
27.2
27.7
28.3
26.6
24.4
22.2
20.5
19.4
18.3
17.2
16.1
16.1
14.4
15.0
14.4
13.8
15.0
15.5
15.5
16.1
17.2
18.3
18.3
19.4
20.0
20.0
19.4
18.8
17.7
17.2
16.1
15.5
15.0
15.0
15.5
15.5
15.0
15.0
15.0
15.0
15.0
15.0
16.1
18.3
18.3
20.0
21.6
22.7
22.7
23.8
23.3
21.6
21.1
20.5
19.4
18.8
18.3
17.7
17.7
17.7
17.2
17.2
17.2
17.2
17.2
17.2
16.6
16.6
18.3
20.5
21.6
23.3
23.8
25.5
25.0
23.8
23.3
21.1
20.5
20.0
20.0
20.0
20.0
19.4
19.4
20.0
19.4
19.4
18.3
18.8
18.8
17.7
17.7
17.7
17.7
17.7
19.4
20.5
21.1
21.1
21.1
20.0
20.0
18.8
18.8
18.3
18.8
19.4
18.3
17.7
17.7
17.2
17.7
17.8
18.3
18.3
20.5
22.7
26.1
26.6
26.1
25.5
24.4
23.8
23.8
22.7
21.6
21.6
21.1
21.6
20.5
20.0
20.0
20.0
20.0
20.0
18.8
20.0
21.6
23.8
25.5
26.6
28.3
28.8
30.0
30.0
30.5
29.4
28.8
27.2
25.5
25.5
23.8
23.8
21.6
21.1
20.5
20.5
21.1
21.6
19.4
21.1
23.3
25.5
28.3
28.3
28.8
28.3
28.3
28.3
27.7
26.6
26.1
25.5
25.0
25.0
24.4
23.8
24.4
23.8
23.3
22.2
23.3
22.2
22.2
22.7
23.3
22.2
22.2
21.1
20.5
20.5
20.5
20.5
20.5
21.1
21.1
20.5
20.0
20.0
20.0
20.0
20.0
20.0
20.5
20.5
20.5
21.1
21.1
21.1
21.6
22.7
23.3
25.0
27.2
28.3
30.0
25.5
27.7
27.2
26.1
25.0
23.8
23.8
23.3
23.3
22.7
22.7
22.7
22.2
22.2
22.2
22.2
22.2
22.2
23.3
24.4
25.0
26.1
26.6
26.6
26.6
26.6
26.1
25.0
23.8
22.7
22.7
22.7
22.7
21.6
21.6
21.1
21.1
20.5
20.5
20.5
20.5
22.2
22.7
24.4
25.0
25.5
25.0
24.4
21.6
21.1
21.6
22.2
22.2
21.6
21.6
21.6
20.5
20.5
20.5
20.5
21.1
21.1
21.1
21.1
21.1
20.5
20.5
21.6
23.3
23.3
25.0
25.0
25.5
21.6
20.0
18.8
17.7
17.2
17.2
16.6
16.1
15.5
15.5
15.0
15.0
13.8
13.8
13.8
13.8
13.8
14.4
15.5
15.5
16.1
16.6
16.6
17.2
17.2
16.6
16.1
16.1
15.5
15.5
15.0
15.0
14.4
13.8
13.8
12.7
12.7
12.7
12.7
11.6
8.8
7.7
7.2
7.2
7.2
6.7
6.6
6.6
6.6
6.6
6.6
7.2
6.6
6.6
7.2
7.2
6.6
6.1
6.6
5.5
5.5
4.4
3.8
3.8
6.1
8.3
8.8
11.1
12.2
13.3
13.3
13.8
13.8
13.3
11.6
10.5
10.0
9.4
9.4
8.3
8.8
8.3
7.7
7.2
6.6
5.0
5.5
6.6
7.2
11.1
13.8
15.5
16.6
17.2
18.3
18.8
18.3
17.7
16.1
15.0
12.2
13.3
12.7
13.3
11.6
12.7
10.5
11.1
10.0
10.0
11.1
11.6
11.6
12.7
13.8
12.7
14.4
15.5
16.1
16.6
14.4
14.4
13.8
13.8
14.4
13.3
13.3
13.3
13.3
12.7
12.7
12.7
12.7
12.7
12.2
12.2
12.2
12.2
12.2
12.2
12.7
12.7
12.7
13.8
15.0
15.0
14.4
13.3
12.2
11.6
11.1
10.5
9.4
10.0
10.0
10.0
8.3
8.3
7.7
8.3
11.6
13.3
13.3
14.4
16.6
18.3
19.4
20.0
19.4
20.0
18.3
16.1
15.5
13.8
13.8
12.7
12.7
12.7
13.3
13.3
13.8
13.8
13.8
14.4
13.8
15.0
16.6
19.4
21.6
23.3
24.4
25.5
25.5
25.0
24.4
23.3
22.7
21.6
21.1
21.1
20.5
20.5
20.0
19.4
19.4
18.8
18.3
18.8
20.5
22.2
23.8
25.0
27.2
28.3
28.8
28.8
28.8
28.3
27.2
25.0
25.0
23.8
24.4
23.8
23.3
23.3
23.3
22.7
22.2
21.6
21.6
21.6
22.2
23.8
26.1
27.2
27.7
28.8
28.8
30.0
28.8
28.3
26.6
25.5
24.4
23.8
23.8
23.8
23.3
22.2
22.8
22.2
21.6
21.6
21.1
21.1
21.1
23.8
25.0
26.6
27.2
28.3
26.6
26.6
26.1
25.5
23.8
21.6
20.5
18.8
17.9
16.9
16.0
15.0
14.1
13.1
12.2
11.6
11.1
11.6
14.4
18.3
21.1
22.7
23.8
24.4
24.4
24.4
24.4
23.8
22.2
20.0
18.8
18.8
18.3
17.7
17.7
17.2
16.1
16.6
16.6
16.6
16.6
16.1
16.6
14.4
14.4
14.4
15.0
15.0
15.5
16.1
16.1
15.5
15.0
14.4
13.8
14.4
13.8
13.3
13.3
12.7
13.3
13.3
13.3
12.7
12.2
11.6
13.8
16.1
18.8
19.4
21.1
21.6
21.6
22.2
21.6
21.1
20.0
18.8
17.7
16.6
17.2
15.5
13.8
13.3
13.8
11.6
11.6
12.2
12.2
12.2
15.0
17.2
19.4
20.5
22.7
23.8
24.4
25.0
24.4
23.8
22.7
20.0
18.8
18.3
18.3
18.8
17.2
16.6
16.1
14.4
13.3
12.2
11.6
11.1
13.8
15.5
16.6
17.2
18.3
19.4
20.5
21.1
21.1
20.0
18.8
17.7
16.6
15.5
13.8
12.7
12.2
12.2
11.1
11.1
10.5
10.0
10.0
10.0
11.1
12.7
13.8
15.5
16.6
17.2
18.3
18.8
18.3
18.3
16.6
15.5
13.3
12.2
11.6
10.5
10.5
10.5
10.5
10.0
9.4
10.0
10.0
8.8
11.1
13.3
16.1
18.3
19.4
20.5
21.1
21.1
21.1
20.0
16.6
15.6
15.6
14.4
13.8
13.3
12.7
12.2
12.7
12.2
11.6
12.2
12.2
11.6
14.4
17.2
18.8
21.1
22.2
23.8
25.0
25.5
25.5
24.4
21.1
20.0
21.1
19.4
16.6
16.6
15.0
15.5
13.8
13.8
12.2
13.8
12.7
13.3
15.6
18.3
20.5
23.3
25.0
25.5
25.5
25.0
26.1
24.4
21.6
20.5
21.1
21.1
21.6
20.0
17.7
17.2
17.2
16.6
15.5
15.5
15.0
14.4
18.8
20.5
22.2
23.8
26.1
26.6
27.7
28.3
27.7
27.7
26.1
24.4
22.2
21.6
22.2
20.5
19.4
18.8
17.7
17.7
16.6
16.1
15.5
16.1
18.8
21.6
24.4
26.6
28.3
28.8
28.8
28.3
28.3
27.2
25.0
23.8
23.3
21.1
20.0
18.8
16.6
16.1
17.2
16.6
15.5
15.0
15.0
15.0
17.7
20.0
23.8
25.0
26.6
27.7
28.3
28.3
27.7
26.6
23.8
22.7
21.1
19.4
19.4
18.3
17.7
16.6
16.6
16.1
15.0
14.4
13.8
13.3
16.1
19.4
22.2
22.7
22.7
23.8
23.3
22.7
20.5
18.3
16.6
15.5
14.4
13.3
12.2
12.2
11.6
11.1
7.7
7.2
8.3
5.0
6.6
6.1
8.8
11.6
14.4
15.5
17.7
18.3
19.4
20.0
20.0
20.0
17.7
13.8
12.2
11.1
10.5
10.0
9.4
7.7
10.0
11.1
11.1
10.5
10.0
10.5
13.3
17.2
21.1
25.0
26.6
27.7
27.7
28.3
27.7
26.1
22.7
21.1
20.0
16.6
17.7
16.6
17.2
16.1
15.0
16.1
15.0
14.4
12.7
13.8
14.4
18.8
22.7
25.5
26.6
27.2
26.1
27.7
27.2
25.5
22.7
22.2
20.5
18.3
16.6
16.1
16.1
15.5
15.5
15.5
13.8
12.7
11.6
12.7
15.5
18.3
20.0
23.3
24.4
25.0
25.5
26.1
25.5
24.4
21.1
20.0
18.8
17.2
18.3
16.6
16.1
15.5
15.0
14.4
15.0
14.4
13.8
14.4
16.1
18.8
21.6
23.3
25.0
26.1
27.2
26.6
26.1
25.0
22.7
20.5
20.0
19.4
19.4
18.3
17.7
16.6
17.2
17.2
16.6
16.1
16.1
16.6
17.7
19.4
21.6
23.3
21.6
22.2
21.6
20.5
21.1
20.0
18.3
17.2
15.5
13.8
12.7
12.2
9.4
8.8
8.8
7.7
6.1
5.0
5.0
7.2
9.4
11.1
13.3
15.0
16.1
17.2
17.7
18.3
18.3
17.2
15.0
13.8
12.7
7.7
7.7
7.7
8.3
10.0
10.0
7.7
6.6
6.1
5.5
5.0
8.3
12.2
16.6
21.1
22.2
23.8
23.8
23.8
23.8
22.2
19.4
18.3
17.7
17.2
17.2
17.2
16.6
16.6
16.6
16.1
16.1
15.0
14.4
13.8
15.5
17.7
20.0
22.2
24.4
25.5
24.4
24.4
26.1
25.0
23.8
23.3
22.7
22.2
22.2
21.1
20.5
20.0
19.4
18.8
13.3
12.2
10.0
9.4
10.0
10.0
11.1
12.2
13.8
13.8
15.0
15.5
15.0
13.8
12.7
11.1
9.4
7.7
5.5
4.4
3.8
5.0
1.1
1.6
2.7
3.3
3.3
2.7
5.0
9.4
11.6
14.4
16.6
17.2
18.3
18.8
18.8
16.6
15.5
14.4
13.3
12.7
12.2
10.5
11.1
12.2
12.2
12.7
12.7
13.3
12.7
12.7
13.3
15.0
17.2
18.8
20.0
21.1
21.6
21.6
21.1
18.8
16.6
15.0
13.8
12.7
11.6
11.1
11.1
10.5
10.5
10.5
10.5
11.1
11.7
11.6
13.3
16.6
19.4
22.7
23.3
23.8
22.2
29.4
28.3
27.7
22.2
22.7
19.4
17.7
15.0
13.8
12.2
11.1
6.6
10.0
8.8
9.4
10.0
10.0
10.5
11.6
12.7
13.8
16.6
17.2
17.7
18.3
18.3
18.3
16.6
15.0
13.3
9.4
5.0
4.4
6.1
3.8
4.4
4.4
3.8
3.3
2.7
2.2
3.8
6.6
9.4
10.5
12.2
13.3
13.3
13.8
19.4
18.8
17.7
16.3
15.0
15.0
13.8
13.8
13.3
11.1
11.1
10.5
10.5
10.5
9.4
9.4
10.5
13.8
17.2
18.3
20.5
21.1
21.6
21.1
21.6
20.5
18.8
17.7
17.7
17.2
16.6
16.1
15.0
14.4
13.8
13.8
13.8
13.8
14.4
14.4
13.8
12.7
12.2
12.7
13.3
12.2
12.2
13.1
13.3
13.8
14.4
13.8
13.3
13.3
13.3
13.3
12.7
12.7
12.8
12.8
12.2
12.7
12.7
12.7
12.7
12.7
13.3
13.3
13.8
14.4
15.1
15.5
15.5
15.5
16.1
16.1
16.1
16.6
14.7
12.7
10.8
8.8
6.9
4.9
3.0
3.0
3.0
3.0
3.0
4.0
4.0
5.0
6.0
7.0
7.0
8.0
8.0
7.0
6.0
6.0
5.0
4.0
4.0
4.0
3.0
3.0
3.0
3.0
3.0
3.0
3.0
3.0
4.0
7.0
9.0
10.0
11.0
12.0
13.0
13.0
13.0
11.0
9.0
8.0
7.0
7.0
7.0
6.0
6.0
4.0
5.0
4.0
1.0
2.0
3.0
2.0
4.0
6.0
10.0
11.0
12.0
13.0
12.0
12.0
12.0
11.0
10.0
10.0
10.0
10.0
10.0
10.0
10.0
10.0
9.0
9.0
9.0
8.0
8.0
8.0
9.0
10.0
11.0
13.0
16.0
18.0
20.0
20.0
20.0
19.0
15.0
15.0
15.0
12.0
12.0
11.0
10.0
9.0
9.0
8.0
8.0
9.0
7.0
8.0
10.0
13.0
16.0
20.0
22.0
24.0
24.0
23.0
23.0
21.0
20.0
20.0
19.0
19.0
19.0
19.0
19.0
19.0
19.0
19.0
19.0
19.0
20.0
20.0
19.0
19.0
11.0
10.0
9.0
9.0
9.0
10.0
10.0
10.0
10.0
10.0
10.0
9.0
9.0
9.0
9.0
9.0
9.0
8.0
8.0
7.0
6.0
6.0
6.0
8.0
10.0
11.0
12.0
13.0
14.0
14.0
15.0
13.0
13.0
10.0
9.0
9.0
9.0
8.0
9.0
10.0
9.0
9.0
7.0
6.0
5.0
5.0
5.0
6.0
7.0
8.0
10.0
10.0
11.0
11.0
11.0
10.0
8.0
7.0
6.0
6.0
7.0
7.0
3.0
4.0
5.0
5.0
2.0
2.0
2.0
2.0
5.0
8.0
12.0
14.0
17.0
18.0
20.0
20.0
20.0
18.0
15.0
15.0
14.0
13.0
10.0
11.0
10.0
7.0
6.0
6.0
4.0
3.0
2.0
1.0
3.0
5.0
6.0
8.0
9.0
10.0
10.0
11.0
11.0
10.0
8.0
7.0
6.0
5.0
4.0
3.0
3.0
3.0
2.0
2.0
2.0
1.0
1.0
1.0
2.0
5.0
8.0
10.0
12.0
14.0
15.0
15.0
15.0
14.0
12.0
10.0
8.9
8.0
6.0
6.0
6.0
5.0
5.0
5.0
5.0
5.0
5.0
5.0
5.0
5.0
5.0
6.0
6.0
6.0
6.0
6.0
6.0
5.0
5.0
5.0
5.0
5.0
5.0
5.0
5.0
5.0
5.0
5.0
5.0
5.0
5.0
5.0
5.0
6.0
7.0
8.0
9.0
9.0
11.0
11.0
11.0
9.0
9.0
9.0
8.0
8.0
7.0
6.0
6.0
6.0
6.0
6.0
6.0
6.0
6.0
5.0
6.0
6.0
6.0
7.0
8.0
10.0
12.0
13.0
14.0
14.0
16.0
16.0
15.0
15.0
15.0
15.0
15.0
15.0
15.0
15.0
14.0
14.0
14.0
13.0
13.0
13.0
13.0
13.0
15.0
15.0
16.0
15.0
15.0
14.0
15.0
15.0
16.0
16.0
16.0
16.0
16.0
16.0
16.0
16.0
16.0
16.0
16.0
16.0
16.0
16.0
17.0
17.0
18.0
17.0
18.0
18.0
19.0
19.0
13.0
12.3
12.0
8.0
6.0
4.0
3.0
2.0
1.0
0.0
0.0
-1.0
-1.0
-2.0
-1.0
-1.0
2.0
3.0
4.0
5.0
6.0
6.0
7.0
6.0
5.0
4.0
3.0
3.0
3.0
2.0
2.0
2.0
2.0
1.0
1.0
1.0
1.0
0.0
1.0
4.0
7.0
9.0
11.0
13.0
14.0
15.0
15.0
14.0
13.0
12.0
10.0
10.0
10.0
9.0
9.0
10.0
9.0
9.0
8.0
8.0
9.0
10.0
10.0
11.0
11.0
12.0
14.0
16.0
18.0
19.0
19.0
18.0
14.0
13.0
12.0
10.0
10.3
10.0
10.8
12.0
11.8
12.0
12.3
12.0
12.3
13.5
14.3
15.0
16.0
16.0
19.0
19.0
20.0
19.0
20.0
20.0
17.0
16.0
14.0
15.0
14.0
13.0
13.0
13.0
12.0
11.0
11.0
9.0
7.0
7.0
7.0
6.0
6.0
6.0
6.0
6.0
6.0
5.0
5.0
5.0
4.0
4.0
4.0
4.0
4.0
4.0
4.0
4.0
4.0
4.0
4.0
4.0
5.0
5.0
5.0
6.0
7.0
8.0
9.0
10.0
10.0
11.0
11.0
11.0
11.0
11.0
11.0
11.0
12.0
12.0
12.0
12.0
12.0
13.0
12.0
13.0
13.0
13.0
13.0
14.0
15.0
16.0
17.0
17.0
17.0
16.0
16.0
13.8
11.0
7.0
6.0
4.0
2.0
1.0
0.0
-1.0
-1.0
-1.0
-2.0
-2.0
-3.0
-2.0
-3.0
-2.9
-3.0
-3.0
-3.0
-3.0
-3.0
-3.0
-3.0
-2.8
-3.2
-3.0
-3.0
-3.0
-4.0
-4.0
-4.0
-4.0
-4.0
-4.0
-4.0
-4.0
-5.0
-5.0
-5.0
-5.0
-3.0
-1.0
1.0
2.0
4.0
4.0
3.0
2.0
1.0
0.3
0.0
-1.0
-1.0
-2.0
-3.0
-3.0
-4.0
-4.0
-5.0
-5.0
-5.0
-5.0
-5.0
-3.0
-2.0
1.0
3.0
4.0
5.0
6.0
5.0
4.0
2.0
1.0
1.0
-1.0
-1.0
-2.0
-3.0
-3.0
-4.0
-4.0
-4.0
-4.7
-5.3
-6.0
-6.0
-3.0
0.0
3.0
5.0
6.0
6.0
7.0
6.9
6.0
5.0
4.0
3.0
2.0
1.0
0.0
0.0
-1.0
-1.0
-1.0
-1.0
-2.0
-2.0
-2.0
-1.0
2.0
5.0
8.0
9.0
11.0
11.0
11.0
9.0
7.0
6.0
5.0
5.0
4.0
4.0
3.0
3.0
3.0
3.0
2.0
3.0
3.0
3.0
3.0
3.0
3.0
4.0
5.0
6.0
7.0
7.0
7.0
7.0
7.0
8.0
7.0
7.0
6.0
6.0
6.0
6.0
6.0
6.0
6.0
5.9
5.9
6.0
7.0
6.5
7.0
7.0
6.7
6.1
5.2
4.0
4.0
4.0
3.0
1.0
1.0
1.0
1.0
2.0
2.9
3.9
4.8
5.8
6.7
7.7
6.6
6.1
5.0
5.0
8.8
12.2
15.0
16.6
19.4
19.4
20.5
20.0
16.6
13.3
12.2
12.7
11.6
10.0
11.1
10.5
11.1
11.6
11.1
11.6
11.1
12.2
12.2
12.2
12.2
13.8
15.5
17.7
20.5
21.1
22.2
22.2
20.5
16.6
15.0
13.3
15.0
8.3
13.3
10.0
7.7
6.6
6.1
7.2
6.6
5.0
5.0
5.5
7.2
10.0
12.7
15.5
16.6
17.7
17.7
17.2
15.5
12.2
11.1
10.0
8.8
7.2
5.5
6.1
7.2
6.1
5.0
5.5
5.0
5.0
5.5
6.6
7.7
9.4
12.7
14.4
16.6
16.1
15.5
15.0
13.8
12.7
11.6
11.1
11.1
10.5
10.5
10.5
10.0
9.4
8.8
7.2
6.1
6.1
7.2
7.2
8.3
10.0
11.1
12.2
12.2
12.7
12.2
11.6
9.4
8.3
6.6
6.1
4.4
3.8
3.3
3.3
3.8
3.8
3.8
3.8
3.8
3.8
4.4
4.4
5.5
7.7
10.0
12.2
12.7
13.8
13.8
12.7
11.1
9.4
8.3
6.6
5.0
3.3
2.2
0.0
-1.7
-1.7
-2.3
-3.4
-3.4
-4.5
-5.0
-5.0
-2.3
0.5
2.7
5.0
6.6
6.6
7.2
7.2
6.1
5.5
5.5
5.0
5.0
5.0
5.0
5.0
3.8
3.3
3.3
3.8
3.3
3.3
3.3
3.3
3.8
4.4
5.0
5.0
6.1
6.6
6.1
0.5
-1.7
-3.4
-4.5
-5.6
-6.7
-7.8
-8.9
-9.5
-10.0
-10.6
-10.6
-11.2
-10.6
-10.6
-11.2
-10.6
-10.0
-8.4
-7.3
-6.2
-5.0
-4.5
-3.9
-4.5
-5.0
-6.7
-6.7
-6.7
-7.3
-7.3
-7.8
-7.8
-8.9
-9.5
-10.0
-10.6
-10.6
-10.0
-10.6
-10.6
-6.7
-3.4
-0.6
1.1
2.7
4.4
5.0
4.4
3.3
1.6
0.5
0.0
0.0
-0.6
-1.2
-1.2
-1.2
-1.7
-1.7
-1.7
-1.7
-1.7
-1.1
-1.2
1.1
3.3
5.5
8.8
10.6
11.6
11.6
11.6
10.5
8.8
8.8
7.2
6.1
6.6
6.1
6.1
5.5
5.5
5.0
6.1
5.5
6.6
7.2
7.7
8.3
8.8
9.4
10.0
10.5
11.1
11.6
12.2
11.6
11.6
11.6
9.4
9.4
9.4
9.4
10.5
11.1
11.1
11.1
11.1
10.0
9.4
8.3
7.2
10.0
12.8
15.0
16.6
18.3
20.0
22.2
22.7
19.4
16.1
16.6
16.1
11.6
12.7
13.3
11.6
12.7
8.3
8.3
6.6
6.1
6.1
3.3
3.8
6.6
12.2
15.0
15.5
16.6
15.6
15.6
15.5
13.8
12.2
11.1
8.3
8.8
7.7
6.1
6.1
6.6
5.5
5.0
5.5
4.4
5.5
5.5
5.5
6.6
7.7
9.4
9.4
10.5
10.0
11.1
12.7
11.6
8.3
6.6
7.7
6.6
5.5
6.1
5.5
4.4
5.0
5.0
5.5
5.0
5.0
5.5
6.1
6.1
6.6
7.2
7.7
8.8
9.4
9.4
8.8
8.8
8.8
8.8
8.8
8.8
8.8
8.8
8.8
9.4
9.4
9.4
8.8
8.8
8.8
9.4
8.3
8.3
8.3
7.7
8.3
7.7
7.7
7.7
7.7
7.2
7.7
7.7
7.2
6.6
6.1
6.1
5.5
5.0
5.0
5.0
4.4
4.4
3.8
3.8
3.3
3.3
2.7
2.7
2.2
1.6
1.6
1.1
0.5
0.0
0.0
-0.6
-1.2
-1.2
-1.2
-1.7
-1.2
-1.7
-1.2
-1.2
-1.2
-1.2
-0.6
-0.6
-0.6
0.0
0.0
0.0
0.5
0.5
1.1
1.1
1.1
0.5
0.5
0.0
0.0
-0.6
-0.6
-0.6
-0.6
-0.6
-1.2
-1.2
-1.2
-1.2
-1.7
-1.7
-1.7
-1.7
-1.7
-1.2
-1.2
-1.2
-0.6
-0.6
-1.2
-1.2
-1.2
-1.2
-1.2
-1.7
-1.7
-1.7
-1.7
-1.7
-1.7
-2.3
-2.3
-1.7
-1.7
-1.7
-1.7
-1.2
-1.2
-0.6
-0.6
0.0
0.5
0.5
0.5
0.5
0.0
0.0
0.0
0.5
0.0
0.0
0.0
0.0
0.0
0.0
0.0
0.0
0.0
0.0
0.0
0.0
0.5
0.5
0.5
0.5
0.0
-0.6
-1.2
-1.7
-1.7
-2.3
-2.3
-2.3
-2.3
-2.3
-2.3
-2.3
-3.9
-4.4
-5.0
-5.6
-5.0
-5.0
-6.2
-3.4
-1.7
-1.2
-0.6
1.1
1.6
1.6
1.6
0.5
0.0
0.0
0.0
0.0
-1.2
-0.6
-1.2
-1.7
-1.2
-1.7
-2.3
-2.8
-2.8
-2.8
-5.0
-1.7
1.1
2.7
4.4
6.6
7.7
8.3
8.3
7.2
4.4
2.2
2.7
0.5
-0.6
-2.3
-2.8
-3.9
-3.9
-4.5
-4.5
-4.5
-3.4
-3.4
-3.4
-3.4
-2.8
-1.2
0.0
1.1
3.3
3.8
3.3
2.7
1.6
1.1
0.5
0.0
-1.7
-1.2
-3.9
-3.9
-3.9
-3.9
-3.9
-2.8
-2.2
-2.8
-2.3
-1.2
3.3
6.6
10.5
12.2
13.8
13.8
15.0
11.6
9.4
8.3
5.5
5.0
2.7
1.6
0.5
1.1
-1.7
-1.7
-2.8
-2.3
-2.8
-2.8
-1.7
-0.6
1.6
3.3
5.0
5.5
5.5
6.1
5.5
4.4
1.6
0.0
-1.7
-2.8
-2.8
-2.8
-3.4
-3.9
-3.9
-5.6
-6.2
-5.6
-5.6
-6.2
-5.6
-2.8
-1.2
0.5
2.7
2.2
3.3
4.4
3.8
2.7
1.6
1.6
1.1
1.1
-1.2
-0.6
-0.6
-0.6
-0.6
-0.6
-1.2
-2.3
-2.3
-2.3
-2.8
-1.7
0.5
1.6
3.8
5.0
5.0
5.0
5.0
4.4
4.4
3.8
3.3
1.1
1.1
1.1
1.1
1.6
1.6
1.6
2.2
1.6
1.6
1.6
1.6
2.2
3.8
5.0
6.1
6.6
9.4
9.4
8.8
8.3
7.7
6.6
5.5
4.4
4.4
4.4
4.4
4.4
4.4
4.4
4.4
4.4
5.0
4.4
3.3
3.3
4.4
4.4
5.5
6.1
7.2
7.7
7.7
7.2
6.6
7.7
6.1
5.5
5.5
5.5
