-1.1
-1.7
-1.1
-1.1
-1.7
-2.8
-2.8
-2.2
-2.2
0.0
1.1
1.7
2.8
3.9
3.9
3.3
2.8
1.1
0.0
-0.6
-1.1
-1.1
-1.1
-1.1
-1.1
-0.6
-1.1
-1.7
-2.8
-2.8
-2.8
-2.8
-3.0
-2.8
-2.0
-2.2
-1.7
-2.0
-2.0
-1.7
-1.7
-1.7
-2.2
-2.2
-2.2
-2.2
-2.8
-3.3
-3.3
-3.3
-3.3
-5.6
-7.2
-7.8
-8.9
-7.8
-6.7
-5.6
-3.9
-2.8
-2.8
-3.3
-3.3
-3.3
-4.4
-6.7
-8.3
-8.3
-7.8
-6.7
-6.7
-8.9
-8.3
-9.4
-9.4
-9.4
-7.2
-6.7
-5.6
-5.0
-3.3
-1.7
-0.6
0.0
0.0
0.6
0.6
0.6
0.6
0.6
0.6
0.6
0.6
0.6
0.6
0.6
0.6
0.6
1.1
0.6
0.0
0.0
-0.6
-0.6
-0.6
0.0
0.0
0.0
1.1
1.1
1.7
0.6
0.6
0.6
0.6
0.6
0.6
0.6
0.6
0.6
0.6
0.6
0.6
0.6
0.6
0.6
0.6
0.6
0.0
0.6
0.6
1.1
1.1
1.7
1.7
1.7
1.1
-0.6
-1.7
-3.3
-3.3
-2.8
-2.8
-3.9
-3.3
-2.8
-2.2
-2.8
-3.3
-3.9
-3.3
-3.3
-2.8
-1.7
-0.6
1.1
2.2
2.8
3.3
4.4
4.4
3.3
3.3
2.8
2.8
2.8
2.8
2.8
3.9
4.4
3.9
3.9
3.3
2.2
2.2
1.7
1.7
3.3
6.7
8.9
11.7
13.3
13.9
14.4
13.3
11.1
10.0
8.9
8.3
7.8
7.2
6.1
6.1
6.7
7.8
6.1
5.6
5.0
3.9
2.8
2.2
3.9
5.6
6.1
6.7
7.2
6.7
6.1
5.0
3.3
2.8
2.2
1.7
1.1
0.0
-1.1
-1.7
-2.8
-3.3
-4.4
-5.0
-5.6
-6.1
-6.1
-6.1
-4.4
-3.9
-3.3
-3.9
-3.9
-3.9
-3.3
-3.9
-5.0
-5.6
-5.6
-6.1
-6.7
-7.2
-7.8
-8.3
-9.4
-9.4
-10.6
-11.1
-11.7
-11.7
-12.2
-11.7
-10.6
-8.9
-6.7
-5.6
-4.4
-3.9
-3.3
-3.3
-4.4
-6.1
-7.2
-7.8
-9.4
-8.3
-8.9
-9.4
-10.6
-11.7
-13.9
-13.3
-12.2
-13.9
-12.8
-11.7
-7.8
-5.0
-3.3
0.0
1.1
2.2
1.7
1.7
0.6
-0.6
-1.1
-1.1
-1.7
-2.2
-1.7
-2.2
-2.2
-1.7
-4.4
-2.2
-3.3
-3.3
-4.4
-4.4
-5.0
-3.3
-2.8
-2.8
-1.7
-1.1
-0.6
-1.1
-2.2
-2.2
-2.8
-2.8
-2.8
-2.8
-2.8
-2.8
-3.3
-3.3
-5.6
-4.4
-4.4
-5.6
-5.6
-6.1
-5.6
-4.4
-4.4
-3.9
-3.9
-3.9
-3.9
-4.4
-5.6
-7.2
-8.9
-8.3
-8.3
-9.4
-10.6
-11.7
-12.2
-11.1
-12.2
-12.2
-12.2
-12.2
-13.9
-11.7
-10.0
-8.3
-7.2
-5.0
-4.4
-3.3
-3.3
-3.3
-3.9
-3.9
-3.9
-3.9
-4.4
-4.4
-6.1
-6.1
-6.1
-6.7
-6.7
-6.7
-6.7
-6.7
-6.7
-6.7
-7.2
-6.7
-6.1
-6.1
-5.6
-4.4
-5.0
-5.6
-6.1
-6.7
-10.0
-8.3
-9.4
-8.9
-10.0
-10.0
-10.6
-11.7
-12.2
-12.8
-13.3
-13.9
-15.0
-15.0
-12.8
-11.7
-11.1
-10.0
-8.9
-8.9
-8.9
-9.4
-12.8
-14.4
-15.6
-17.8
-17.2
-17.8
-17.2
-16.7
-15.0
-15.6
-15.0
-15.0
-14.4
-12.2
-11.1
-10.6
-10.0
-9.0
-8.9
-7.2
-6.1
-5.0
-4.4
-5.0
-5.6
-5.6
-7.8
-8.9
-9.4
-10.0
-10.6
-12.8
-12.2
-12.2
-16.1
-16.7
-15.6
-15.0
-17.2
-13.9
-11.1
-9.4
-6.7
-3.9
-2.2
-1.1
-0.6
0.6
1.1
0.6
0.6
-2.2
-2.2
-2.2
1.1
-0.6
-1.1
-5.6
-2.8
-4.4
-5.6
-5.0
-5.6
-6.1
-5.0
-3.9
-4.4
-3.9
-3.3
-2.8
-2.8
-3.3
-4.4
-5.6
-6.7
-8.3
-8.9
-8.3
-9.4
-8.9
-7.2
-6.7
-6.7
-7.2
-8.3
-8.3
-8.9
-9.4
-10.0
-10.0
-9.4
-8.9
-8.9
-7.8
-7.8
-8.3
-8.3
-8.3
-8.9
-10.0
-10.6
-10.0
-10.0
-10.0
-9.4
-10.0
-11.1
-11.7
-11.7
-11.1
-11.7
-11.7
-10.6
-10.0
-10.6
-10.0
-10.6
-10.6
-10.0
-10.6
-10.6
-11.1
-12.8
-13.3
-13.9
-15.0
-15.0
-15.6
-16.7
-17.2
-17.2
-17.8
-18.3
-18.9
-18.9
-18.9
-18.3
-17.2
-16.7
-16.1
-15.6
-15.0
-14.4
-14.4
-15.0
-16.7
-18.9
-18.9
-18.9
-20.0
-19.4
-21.1
-21.1
-19.4
-18.3
-18.9
-18.3
-18.3
-18.3
-16.1
-14.4
-12.8
-12.2
-11.1
-10.6
-10.6
-10.6
-10.0
-10.0
-10.0
-10.0
-10.0
-10.0
-10.0
-11.1
-11.1
-11.1
-10.0
-10.6
-10.6
-10.0
-10.0
-9.4
-9.4
-7.2
-5.6
-3.3
-1.7
0.0
1.1
1.7
1.7
0.6
0.0
-0.6
-1.7
-2.8
-1.1
-1.1
-1.1
-3.3
-6.1
-7.2
-7.8
-8.3
-9.4
-10.0
-10.0
-10.6
-10.6
-10.0
-10.0
-10.0
-10.0
-10.0
-10.6
-12.2
-13.3
-15.6
-16.1
-18.9
-18.3
-18.3
-19.4
-22.2
-20.6
-20.0
-20.6
-16.7
-15.0
-13.9
-13.3
-12.2
-11.7
-10.6
-8.9
-7.8
-6.7
-5.6
-4.4
-5.0
-5.0
-4.4
-4.4
-4.4
-4.4
-4.4
-5.0
-4.4
-3.9
-4.4
-4.4
-4.4
-4.4
-3.3
-3.3
-1.1
0.6
2.2
2.8
3.3
4.4
5.6
3.9
3.3
2.2
1.7
1.7
1.7
0.6
0.0
0.0
-0.6
-1.1
-1.7
-1.7
-1.7
-2.2
-2.8
-2.8
-2.8
-2.8
-2.8
-2.2
-2.2
-2.2
-2.8
-2.8
-3.3
-3.3
-3.3
-3.3
-3.3
-3.3
-3.3
-4.4
-3.9
-4.4
-5.6
-5.0
-4.4
-4.4
-3.9
-3.3
-2.8
-2.8
-2.2
-1.7
-0.6
1.7
3.3
3.9
2.8
2.2
2.2
1.7
1.7
2.2
2.2
1.7
2.2
2.2
2.2
2.2
2.2
2.2
2.2
1.1
0.6
0.6
0.6
0.6
1.0
1.1
1.7
2.2
2.2
2.8
2.8
2.0
2.2
-0.6
-3.6
-6.5
-9.4
-12.3
-15.3
-18.3
-17.8
-17.8
-17.8
-18.3
-17.8
-15.6
-15.0
-14.4
-13.3
-12.8
-12.2
-12.8
-13.3
-15.0
-16.1
-16.1
-15.6
-15.6
-15.0
-15.0
-15.0
-14.4
-14.4
-14.4
-14.4
-14.4
-15.0
-15.6
-15.0
-14.4
-13.3
-12.8
-12.2
-12.2
-11.7
-11.7
-12.8
-13.9
-15.6
-15.6
-17.2
-18.9
-17.8
-19.4
-20.0
-20.6
-21.1
-20.0
-18.9
-17.2
-16.7
-16.7
-15.6
-12.8
-10.6
-9.4
-8.3
-7.2
-6.7
-7.2
-7.8
-10.0
-11.7
-11.7
-13.9
-13.9
-13.9
-14.4
-13.9
-13.9
-13.9
-13.3
-12.8
-12.2
-12.8
-12.2
-10.6
-9.4
-7.8
-6.7
-5.6
-5.0
-5.0
-5.0
-5.0
-5.0
-5.0
-5.0
-6.1
-6.1
-6.7
-6.7
-6.7
-6.7
-6.7
-6.7
-6.7
-6.7
-6.7
-6.7
-6.1
-5.6
-5.0
-5.0
-4.4
-4.4
-4.4
-4.4
-4.4
-5.0
-5.0
-5.0
-5.0
-5.6
-6.1
-6.7
-7.2
-7.8
-9.4
-12.2
-12.8
-13.9
-15.0
-16.7
-15.6
-13.9
-12.2
-10.0
-9.4
-7.8
-7.8
-7.8
-8.9
-12.2
-12.2
-12.2
-12.8
-12.2
-12.2
-13.3
-13.9
-14.4
-15.6
-16.1
-17.2
-17.8
-18.9
-20.6
-17.2
-16.1
-14.4
-12.8
-11.1
-10.0
-8.9
-8.9
-10.0
-12.8
-13.9
-15.0
-14.4
-18.9
-16.7
-20.0
-20.0
-20.6
-20.0
-20.0
-21.7
-21.7
-20.6
-21.1
-18.3
-12.8
-10.6
-8.9
-7.2
-6.7
-6.7
-6.7
-7.2
-8.9
-10.6
-11.1
-9.4
-10.0
-11.7
-12.2
-12.8
-11.7
-11.1
-10.6
-10.0
-10.0
-9.4
-8.3
-7.8
-6.7
-5.6
-3.9
-3.3
-3.3
-3.3
-3.3
-3.3
-3.3
-2.8
-2.8
-2.2
-1.7
-1.7
-1.1
-1.7
-1.7
-1.7
-1.7
-2.2
-1.7
-1.7
-1.7
-1.1
-1.1
-0.6
0.0
0.0
0.6
0.6
0.6
0.6
0.6
0.6
0.6
0.6
0.6
0.0
-0.6
-1.1
-1.1
-1.7
-1.7
-1.7
-2.2
-2.2
-2.8
-2.8
-2.2
-2.2
-2.2
-2.2
-2.2
-2.2
-2.2
-2.2
-2.2
-2.2
-2.8
-2.8
-3.3
-5.0
-5.6
-6.7
-7.2
-8.3
-8.9
-9.4
-9.4
-9.4
-9.4
-8.9
-7.8
-6.7
-6.1
-5.6
-5.0
-5.0
-5.0
-5.0
-6.1
-6.7
-7.8
-8.3
-9.4
-10.0
-10.6
-11.1
-11.1
-11.1
-11.7
-11.7
-12.2
-12.2
-12.2
-10.0
-7.8
-6.1
-3.9
-3.3
-2.2
-1.7
-1.7
-1.7
-2.2
-2.2
-2.2
-2.8
-3.3
-3.3
-5.0
-6.1
-6.7
-7.8
-9.4
-9.4
-10.0
-10.0
-10.0
-10.6
-10.0
-8.3
-7.8
-6.7
-6.1
-6.1
-6.1
-6.7
-7.8
-8.9
-9.4
-10.0
-10.0
-10.6
-11.1
-11.7
-12.2
-13.3
-13.3
-13.3
-14.4
-15.0
-13.9
-12.8
-11.1
-9.4
-8.3
-7.8
-7.2
-7.2
-7.2
-7.2
-8.3
-10.0
-9.4
-8.3
-7.2
-6.7
-6.7
-6.1
-5.0
-5.0
-4.4
-3.9
-3.9
-3.9
-2.8
-1.1
2.2
3.3
3.9
5.0
5.6
5.6
5.0
5.0
3.9
2.8
1.7
0.0
-1.1
-1.1
-1.1
-1.7
-2.8
-3.3
-3.9
-5.0
-5.0
-5.0
-3.3
-1.7
0.0
1.7
2.8
3.3
3.9
4.4
4.4
2.2
1.1
0.0
-0.6
-1.1
-0.6
-0.6
-1.1
-0.6
0.0
0.0
0.6
0.6
0.6
0.6
0.6
1.1
2.8
3.9
4.4
5.6
5.6
6.1
5.6
4.4
1.7
1.1
0.0
-0.6
-1.1
-2.2
-3.3
-4.4
-5.0
-5.0
-5.0
-6.1
-6.7
-6.7
-4.4
-3.3
-2.2
-0.6
0.6
1.1
1.1
1.1
0.0
0.0
0.0
0.0
0.0
0.0
0.0
0.0
-0.6
-0.6
-1.7
-1.7
-2.2
-2.8
-2.8
-2.8
-1.1
1.1
3.3
5.6
7.2
8.3
8.3
8.9
8.9
7.8
6.7
6.1
5.6
4.4
4.4
3.9
3.3
2.2
1.7
2.2
2.8
3.3
3.3
3.3
4.4
4.4
4.4
5.0
5.6
6.1
6.7
6.1
6.7
7.8
8.3
8.3
8.3
8.3
9.4
9.4
8.3
7.8
8.9
8.3
9.4
10.0
9.4
10.0
10.0
10.6
11.1
11.7
12.2
12.2
13.9
13.9
14.4
13.3
13.3
12.8
12.8
12.8
12.2
12.2
13.3
13.3
13.3
13.3
13.3
13.3
12.8
12.8
12.8
13.3
14.4
15.0
15.6
16.1
13.3
13.3
13.3
13.3
12.2
12.8
13.9
13.3
12.8
9.4
7.8
6.1
4.4
3.9
3.9
3.3
2.8
2.8
2.8
2.8
2.8
2.8
2.8
3.3
3.9
3.9
3.9
3.9
3.9
3.9
3.3
2.8
2.8
2.2
2.2
2.2
2.2
2.2
1.7
2.2
2.2
2.2
2.2
2.2
2.8
3.9
3.9
4.4
5.0
5.0
5.6
5.0
3.9
3.3
3.3
2.8
2.2
1.7
1.1
1.7
1.7
0.6
1.1
0.6
0.0
0.6
1.7
2.8
2.8
3.9
5.6
5.0
4.4
4.4
3.9
0.6
0.6
0.6
0.0
0.0
-0.6
-0.6
-2.2
-1.7
-2.8
-3.9
-3.9
-4.4
-5.0
-5.6
-5.0
-4.4
-4.4
-3.9
-3.3
-2.8
-2.8
-2.2
-1.7
-1.7
-2.2
-2.2
-3.3
-3.3
-3.3
-3.3
-3.9
-3.9
-4.4
-5.0
-4.4
-4.4
-4.4
-3.9
-2.8
-1.1
1.7
3.3
5.0
7.2
8.3
8.9
8.9
8.9
7.2
6.7
6.1
5.6
3.8
1.9
0.1
-1.6
-3.4
-5.3
-7.2
-7.2
-7.2
-8.3
-3.3
-1.7
0.6
2.2
3.3
4.4
5.0
6.1
6.1
6.1
2.8
1.1
0.6
-0.6
-1.1
-1.1
-1.1
-1.7
-2.2
-1.7
-3.3
-2.8
-1.7
-2.8
0.6
3.9
6.7
10.0
12.2
13.9
13.9
14.4
14.4
13.9
11.1
7.8
8.3
5.0
5.0
3.9
4.4
2.2
0.6
0.6
0.0
-0.6
-1.1
-1.7
0.0
1.1
2.2
2.8
3.3
4.4
5.0
5.6
5.0
3.9
1.7
0.0
-0.6
-1.7
-2.8
-2.8
-2.8
-2.8
-2.8
-2.8
-2.8
-2.8
-2.8
-2.8
-1.7
0.0
2.2
3.9
5.0
6.1
7.2
8.3
8.9
8.9
8.3
7.8
7.2
6.7
6.1
5.0
5.6
5.6
4.4
4.4
3.9
3.9
3.3
3.9
5.6
8.3
12.2
13.3
13.3
13.3
13.9
12.8
10.6
7.2
6.1
5.0
3.9
3.3
3.3
3.3
2.2
2.2
2.2
1.7
1.7
1.1
1.1
0.6
0.6
0.6
1.1
1.1
2.2
2.2
2.8
2.2
2.2
1.7
1.7
1.1
0.6
0.6
1.1
1.1
0.6
0.6
0.0
0.0
-0.6
-0.6
-0.6
-0.6
0.0
0.6
1.1
2.8
3.9
3.9
4.4
4.4
5.6
6.1
6.1
6.7
6.7
6.7
7.2
7.2
7.8
6.7
6.7
6.1
6.1
6.1
6.1
6.7
7.8
8.9
9.4
10.0
10.6
11.1
11.1
12.2
13.3
13.9
13.3
12.8
11.7
12.2
11.7
10.6
9.4
10.0
8.3
6.7
5.6
3.9
3.9
2.2
5.0
6.7
9.4
12.2
14.4
16.1
17.2
18.9
20.0
19.4
18.3
17.8
17.2
16.7
15.6
15.0
14.4
13.9
14.4
14.4
14.4
14.4
14.4
14.4
16.1
18.3
21.7
22.8
23.3
22.8
23.9
24.4
17.8
17.2
16.7
16.7
16.1
17.2
15.6
15.6
15.6
17.2
16.7
17.2
16.7
16.1
16.1
17.2
17.8
18.3
19.4
20.6
22.2
22.8
23.9
23.9
22.8
21.7
20.6
19.4
18.9
18.3
18.9
18.9
17.8
16.1
15.6
16.1
15.6
16.7
16.7
16.7
17.2
18.9
20.6
22.8
23.9
25.0
26.1
26.7
26.1
25.6
22.8
21.7
20.6
20.0
18.9
18.9
18.3
17.2
17.2
16.7
16.7
16.7
16.7
17.2
17.2
18.3
20.0
21.7
22.8
23.9
24.4
24.4
23.3
23.3
22.8
21.7
20.6
20.0
20.0
19.4
18.9
17.8
17.8
17.8
17.8
16.1
15.0
15.6
16.7
16.7
17.8
18.3
18.3
19.4
18.9
18.3
17.8
18.9
18.9
18.3
18.3
18.3
18.9
19.4
18.3
16.7
16.1
17.2
17.2
17.2
16.7
16.1
12.8
12.2
10.6
10.0
10.0
11.7
12.2
12.2
13.3
11.7
12.2
10.0
10.6
10.0
9.4
6.7
8.3
7.2
6.7
6.1
5.6
6.1
5.0
5.6
8.3
11.1
12.8
14.4
15.0
16.7
16.7
17.2
16.7
15.6
13.3
11.1
10.0
8.9
8.3
6.1
6.7
6.1
5.0
3.9
3.3
2.8
3.3
3.3
6.1
7.2
8.3
9.4
10.0
10.6
10.0
10.0
10.0
10.0
8.9
7.8
6.7
6.7
5.6
4.4
2.2
1.1
0.6
-2.2
-2.2
-2.2
-1.7
-1.1
2.2
5.0
7.2
8.3
10.0
10.6
11.1
10.0
10.0
6.1
6.7
3.3
2.2
1.7
0.0
-1.1
-2.2
-2.8
-3.3
-3.9
-3.9
-4.4
-5.0
-3.3
-3.3
-2.2
-2.2
0.0
-1.1
-0.6
-0.6
0.0
0.6
0.0
-1.1
-2.2
-2.8
-2.8
-3.3
-4.4
-5.0
-4.4
-5.0
-5.6
-6.1
-6.1
-6.1
-5.0
-2.2
0.0
1.7
2.8
3.9
5.6
6.7
7.2
7.2
7.8
7.2
5.6
5.0
4.4
3.9
3.9
3.3
3.3
2.2
2.2
2.2
2.2
2.2
2.8
3.9
7.2
10.6
12.8
15.0
16.7
17.2
17.8
17.8
16.7
15.6
14.4
13.3
12.2
11.1
10.6
11.1
10.6
11.7
11.1
11.1
11.1
10.6
8.9
8.9
10.0
11.1
13.3
13.9
11.7
11.7
12.2
10.6
10.0
8.3
6.1
6.1
4.4
3.3
3.3
2.8
1.7
0.6
0.0
0.0
-0.6
-1.1
-2.2
-2.2
-2.2
-2.2
-3.9
-3.3
-2.2
-2.2
-2.2
-2.2
-2.8
-2.8
-3.9
-3.9
-3.3
-3.9
-3.9
-3.9
-3.9
-3.9
-4.4
-3.9
-3.9
-3.9
-3.3
-1.7
-1.1
0.0
0.0
1.7
2.2
2.8
3.3
3.3
4.4
0.6
-0.6
-1.1
-1.7
-1.7
-2.8
-2.8
-2.8
-2.8
-3.9
-3.9
-4.4
-5.0
-3.9
-1.1
1.7
3.3
4.4
5.0
4.4
5.0
5.0
5.0
4.4
3.3
1.1
-0.6
0.0
-1.1
-1.7
-2.2
-1.7
-1.1
-1.1
-1.1
-1.1
-1.1
-0.6
2.2
3.9
5.6
6.7
7.2
7.8
8.9
8.9
9.4
8.9
7.2
4.4
3.9
3.3
0.0
-1.1
-1.7
-1.7
-2.8
-2.8
-3.3
-3.9
-5.0
-2.8
2.2
5.0
7.2
8.3
8.9
10.0
10.6
10.6
10.0
10.0
9.4
8.3
5.6
6.7
6.1
5.6
5.0
5.0
5.6
5.0
3.9
4.4
4.4
4.4
5.6
6.7
7.8
8.9
10.0
11.1
11.7
11.1
11.1
11.1
10.0
7.8
7.2
6.7
6.1
5.6
5.0
5.0
5.0
5.6
6.1
6.1
6.1
6.7
6.7
7.2
8.3
8.3
8.9
10.0
10.0
10.0
9.4
9.4
8.9
8.9
8.3
7.8
7.8
7.2
7.2
6.7
6.7
6.7
6.7
6.7
6.7
6.7
6.7
7.2
7.2
7.2
7.8
8.3
8.3
8.3
7.8
7.2
7.2
7.2
6.7
6.7
6.1
6.1
6.1
5.6
5.6
5.6
5.6
5.6
5.6
6.1
6.7
7.2
7.8
8.3
10.0
11.7
11.1
11.1
11.1
10.0
10.6
10.6
10.6
10.0
8.3
6.5
4.8
3.0
1.3
-0.4
-2.2
-2.2
-3.3
0.0
3.3
6.1
7.8
9.4
11.1
13.3
14.4
15.0
15.6
16.1
16.1
13.9
13.9
13.3
13.3
12.8
12.8
13.3
13.3
12.2
11.7
12.2
12.2
12.8
11.1
8.3
7.8
6.1
5.6
6.7
7.0
7.2
6.7
5.6
5.0
4.4
3.3
2.8
2.8
1.7
1.7
1.1
0.0
0.0
-0.6
-0.6
-1.1
-1.1
-1.1
-0.6
0.0
1.7
3.3
4.4
4.4
4.4
4.4
3.9
3.3
1.7
0.6
-1.1
-1.7
-3.9
-2.8
-2.8
-3.3
-3.9
-4.4
-5.0
-4.4
-2.8
-0.6
0.0
1.7
3.3
5.0
5.0
5.6
6.1
6.7
6.1
5.0
2.8
0.0
-0.6
-0.6
-1.1
-1.1
-3.3
-2.8
-3.3
-3.3
-3.3
-5.0
-0.6
2.2
3.9
6.7
8.9
10.0
11.7
13.3
14.4
15.0
15.0
13.3
10.6
8.3
6.7
5.0
2.2
1.7
0.6
-0.6
-0.6
-1.7
-2.2
-3.3
0.0
2.2
3.9
6.1
6.7
7.2
8.3
10.0
10.6
10.6
10.0
8.9
6.7
6.1
5.0
5.6
5.6
5.6
5.0
5.4
5.6
5.6
5.6
6.1
5.6
6.1
8.3
10.0
12.2
12.2
13.3
12.8
12.8
11.7
10.6
10.0
9.4
8.9
8.9
8.9
9.4
9.4
9.4
9.4
9.4
9.4
8.9
10.6
11.7
12.2
12.2
12.2
12.8
13.9
17.0
17.8
16.1
15.6
13.9
13.3
12.2
11.1
11.0
10.6
10.6
10.0
10.0
10.0
9.4
9.4
9.4
9.4
9.4
9.0
10.0
11.0
12.2
12.2
12.8
12.8
12.2
12.2
12.2
11.1
9.4
6.7
6.7
4.4
5.0
4.4
5.0
2.8
3.9
3.9
3.9
6.1
7.8
9.4
11.1
13.3
14.4
16.1
17.8
18.3
18.9
18.9
17.8
16.1
14.4
13.9
13.9
12.8
11.7
11.7
11.7
10.6
10.0
9.4
8.9
8.9
11.1
14.4
16.1
18.9
21.1
22.8
23.9
24.4
24.4
24.4
23.9
22.2
21.1
20.6
20.0
19.4
18.3
18.9
18.3
18.9
18.3
17.2
16.7
16.1
16.7
17.8
19.4
20.6
20.0
18.9
14.4
15.0
15.0
15.0
14.4
13.9
13.3
12.8
12.8
12.2
12.2
11.7
11.7
11.1
11.1
11.1
10.6
11.1
11.7
12.2
12.8
13.3
16.1
16.7
17.2
18.3
18.9
18.3
17.8
16.7
15.6
14.4
14.4
13.3
12.8
11.7
11.1
10.6
11.1
10.6
11.0
10.0
13.3
17.2
18.3
19.4
21.1
23.3
25.0
23.9
25.0
24.4
23.9
23.3
21.7
20.0
19.4
20.0
20.0
19.4
18.9
18.3
17.8
17.8
17.2
17.8
19.4
22.2
24.4
26.1
27.8
28.9
29.4
30.0
30.0
28.9
28.9
27.2
26.1
25.0
23.9
23.3
22.8
22.2
22.2
21.7
20.6
20.0
20.0
20.0
20.6
22.2
24.4
26.7
27.8
29.4
30.0
31.1
30.0
28.9
27.8
26.1
24.4
23.9
23.3
23.3
22.8
21.1
20.0
19.4
20.0
20.0
19.4
19.4
20.6
23.3
25.6
26.7
26.7
27.8
28.3
28.9
28.9
28.9
28.3
28.3
26.7
25.0
23.9
23.3
22.2
21.1
20.6
20.0
19.4
18.9
18.9
18.9
20.6
23.3
25.6
27.2
27.8
29.4
30.6
30.6
30.0
29.4
29.4
28.3
26.1
24.4
24.4
23.3
21.7
19.4
20.0
22.8
20.6
20.6
18.9
17.8
20.6
21.7
22.8
22.2
22.2
25.0
26.1
27.2
28.3
28.3
27.2
26.1
21.1
17.8
16.1
13.3
14.0
15.6
14.0
11.7
10.6
8.9
8.9
8.9
8.3
8.3
8.3
9.4
10.6
11.1
11.7
11.7
11.7
11.1
10.6
10.0
8.9
8.3
8.3
7.2
5.6
5.6
5.0
5.0
5.6
6.1
6.7
7.2
7.0
8.3
9.4
11.1
11.1
12.2
12.8
12.8
13.3
12.2
11.0
10.0
9.4
8.9
8.3
7.8
6.7
6.1
5.6
5.0
5.0
3.9
3.3
3.3
3.9
4.4
6.7
7.0
7.2
7.8
8.9
10.0
11.1
11.1
10.6
10.6
8.9
6.7
6.1
6.7
5.6
5.0
5.0
5.0
3.9
3.9
3.9
5.0
6.1
7.2
7.8
9.4
12.2
13.9
15.6
17.2
18.3
18.9
18.9
17.8
16.7
15.6
15.6
14.4
13.9
13.3
13.3
12.8
12.2
12.2
12.2
12.2
13.9
15.6
17.0
17.8
18.9
20.0
19.0
18.3
16.7
16.0
11.0
11.1
11.7
11.1
10.6
9.4
8.3
7.2
6.7
6.1
5.0
2.8
2.2
3.3
6.7
8.9
11.1
12.2
13.3
13.9
14.4
14.4
14.4
13.9
13.9
13.3
11.1
10.0
8.9
7.8
7.2
7.2
6.1
5.6
5.0
6.1
4.4
5.6
6.7
7.8
8.9
10.0
10.6
11.7
12.8
13.3
13.9
14.4
13.9
13.3
12.2
11.7
11.7
11.7
11.7
11.1
11.1
11.1
10.6
11.1
10.6
10.0
8.3
14.0
14.0
7.8
8.3
8.9
9.4
10.0
10.6
11.0
11.7
12.2
13.3
15.0
16.1
16.7
16.1
17.2
17.2
16.1
13.9
12.2
10.0
10.0
8.9
8.3
7.8
7.8
7.8
7.8
8.3
7.8
8.3
8.3
8.3
8.3
8.3
8.3
7.8
7.8
7.8
7.2
7.2
7.2
7.2
7.2
7.2
7.2
7.8
8.9
10.0
11.1
12.2
14.4
15.6
17.2
17.2
17.2
17.8
17.2
15.6
13.9
13.3
11.7
11.7
12.8
11.1
11.7
11.1
11.1
10.6
11.1
12.8
15.0
16.1
17.8
17.8
17.8
17.2
18.3
18.3
18.3
17.2
17.2
16.1
14.4
14.4
13.1
11.9
10.6
9.4
8.1
6.9
5.6
5.6
6.7
10.6
13.9
17.2
19.4
21.1
21.7
22.2
22.8
22.8
22.8
22.2
21.1
18.3
15.6
13.3
12.2
11.7
11.7
10.0
8.9
7.2
7.2
7.2
8.9
13.3
16.7
18.9
21.1
22.8
23.3
23.9
24.4
24.4
23.9
23.9
22.8
19.4
17.8
16.1
15.0
14.4
14.4
14.4
15.6
15.0
16.7
17.2
16.1
16.7
18.3
21.7
21.7
23.3
23.9
24.0
24.4
24.0
25.0
25.0
22.8
21.7
20.6
19.4
19.4
18.9
18.3
17.8
17.2
17.2
17.2
17.2
17.8
19.4
20.0
22.2
22.8
24.4
25.6
25.0
26.1
26.7
25.6
24.4
23.9
22.8
22.8
18.3
16.1
15.6
16.1
17.0
16.7
16.7
16.7
16.1
16.1
17.2
18.3
20.0
22.0
22.8
24.4
25.0
25.6
26.1
26.1
26.1
25.0
21.7
19.4
18.3
17.8
17.0
17.2
16.7
14.4
12.2
11.7
11.1
10.6
10.6
11.7
12.2
14.4
14.4
15.6
16.1
17.2
17.8
17.2
17.2
16.7
16.1
16.1
15.6
13.3
12.8
12.8
12.2
11.7
11.7
11.7
12.2
12.2
12.8
13.3
13.9
13.9
13.9
14.4
13.9
14.4
14.4
15.6
15.0
14.4
13.9
13.3
11.7
11.7
12.2
12.2
11.7
11.7
11.1
11.7
11.7
11.7
13.3
15.0
16.7
18.3
19.4
20.0
20.0
19.4
20.0
19.4
17.8
16.7
14.4
13.3
12.2
11.1
10.6
9.4
8.3
7.8
7.8
8.9
9.4
10.6
11.7
13.9
13.9
15.6
17.0
17.8
18.3
19.4
20.6
21.1
21.1
20.0
18.3
16.1
14.4
15.0
12.8
11.7
12.2
12.2
12.8
13.3
12.8
15.0
17.2
20.6
22.2
24.4
25.6
26.7
27.8
28.3
28.3
28.0
27.2
25.0
23.9
22.2
20.0
20.0
19.4
18.3
18.3
17.8
18.3
17.2
17.2
17.2
19.4
21.1
24.4
25.6
25.0
22.8
20.6
21.7
22.2
23.3
23.9
25.0
23.3
22.2
21.7
21.1
19.4
18.3
18.9
17.8
18.3
17.8
17.8
17.8
18.3
19.4
21.7
23.9
24.4
25.0
25.0
23.9
21.7
18.9
18.3
16.7
16.1
16.7
16.7
16.7
16.7
16.1
15.6
15.0
13.9
13.3
12.8
12.8
12.8
13.3
22.0
24.0
15.0
15.1
15.0
15.0
13.9
13.3
12.2
12.2
11.7
11.7
11.1
11.1
11.7
11.7
11.7
11.7
11.7
11.7
11.1
11.1
11.7
12.8
13.3
15.6
17.2
17.8
18.9
20.0
20.0
20.0
19.4
18.3
17.8
16.7
16.1
15.6
13.9
15.0
13.9
13.9
12.8
13.3
13.3
14.4
16.1
17.8
19.4
20.6
20.6
20.0
21.1
20.6
21.1
21.1
21.1
20.6
19.4
17.8
17.2
16.7
17.2
17.8
17.2
17.8
18.3
18.3
17.8
18.3
19.4
21.7
23.3
25.0
26.1
27.2
28.3
27.8
29.4
27.8
27.2
25.0
24.4
23.9
23.9
23.3
22.8
22.2
22.2
21.7
21.1
17.0
17.8
18.3
20.0
18.9
20.0
21.7
22.8
23.3
25.0
23.3
23.9
22.8
22.2
21.7
20.0
20.0
17.8
16.7
17.2
16.7
16.7
16.1
15.0
14.4
13.3
13.9
15.6
16.7
17.8
19.0
20.0
20.6
21.1
22.2
21.7
22.2
21.7
20.6
18.9
16.1
13.9
13.9
12.2
11.1
10.0
10.0
8.9
9.4
7.8
10.6
15.0
17.8
18.9
20.0
21.1
22.2
22.8
23.3
23.3
24.4
23.9
23.3
21.7
18.3
16.1
15.6
13.9
12.8
11.7
12.2
12.2
12.2
12.2
16.1
17.8
20.0
22.2
22.8
24.4
25.0
25.0
25.6
25.6
26.1
25.0
23.9
22.2
20.6
19.4
19.4
18.3
17.8
18.9
18.9
17.8
17.2
16.7
17.8
19.4
22.2
22.8
23.3
24.4
22.8
21.1
20.6
21.7
22.8
21.1
19.4
18.9
18.3
18.3
18.3
17.8
17.8
17.0
16.7
16.0
16.1
16.1
16.1
16.7
17.2
17.8
19.4
21.7
22.8
23.3
25.0
24.4
25.0
25.0
23.9
21.7
20.0
18.3
17.8
17.2
16.7
15.6
15.6
15.6
15.6
16.1
16.7
17.2
17.8
18.3
19.4
20.6
20.0
21.1
21.7
22.2
22.2
20.0
18.3
16.7
15.6
15.0
14.4
12.2
11.7
11.1
11.7
11.1
10.6
11.7
11.7
12.2
13.9
15.6
16.7
18.3
19.4
20.0
20.6
20.6
20.0
20.6
19.4
17.8
15.6
14.4
13.3
11.7
10.0
9.4
9.4
10.0
10.0
11.1
12.2
14.4
16.1
18.3
20.0
20.6
21.7
21.1
22.8
22.2
22.0
22.2
21.1
19.4
16.7
15.6
13.9
12.2
11.1
11.1
9.4
8.3
8.9
8.9
11.7
13.9
15.0
15.6
15.6
15.0
17.8
19.4
20.0
20.6
22.2
22.2
21.7
19.4
15.6
14.4
13.9
12.8
10.6
11.1
11.7
11.1
9.4
10.6
12.2
16.1
18.9
21.7
23.9
24.4
25.6
26.1
26.1
26.7
26.7
26.1
25.6
22.2
20.6
17.8
15.6
14.4
13.3
13.9
13.9
12.2
12.2
11.1
14.4
18.9
22.8
25.0
25.6
26.1
26.7
26.7
27.2
27.8
27.2
26.7
26.1
24.4
21.7
19.4
18.9
18.3
17.2
16.7
16.1
15.0
14.4
13.9
16.7
20.0
23.3
25.6
26.1
27.2
28.3
28.9
28.3
28.9
29.4
28.3
27.2
25.0
22.8
21.7
20.0
18.9
18.3
17.2
16.7
15.6
15.6
16.1
17.8
20.0
22.8
22.2
23.3
25.0
27.2
27.8
28.3
28.3
27.2
26.1
25.6
23.9
22.8
21.7
21.7
21.7
20.6
20.6
20.0
20.0
20.0
20.0
20.0
20.6
21.7
23.3
24.4
25.0
26.1
26.1
27.2
25.0
22.8
22.8
23.9
23.3
20.6
21.1
21.0
20.8
20.7
20.6
20.5
20.3
20.2
20.4
20.6
22.6
24.7
26.7
25.9
25.2
24.4
24.6
24.8
25.0
24.8
24.6
24.4
23.5
22.6
21.7
20.8
19.8
18.9
18.3
17.8
17.2
16.5
15.7
15.0
15.9
16.9
17.8
19.1
20.4
21.7
22.1
22.4
22.8
22.2
21.7
21.1
20.0
18.9
17.8
17.1
16.3
15.6
14.8
14.1
13.3
13.3
13.3
13.3
15.5
17.8
20.0
21.1
22.2
23.3
24.1
24.8
25.6
25.0
24.5
23.9
22.2
20.6
18.9
18.5
18.2
17.8
17.6
17.4
17.2
16.8
16.5
16.1
18.3
20.6
22.8
24.1
25.4
26.7
26.9
27.0
27.2
26.5
25.7
25.0
23.0
20.9
18.9
18.2
17.4
16.7
16.3
16.0
15.6
16.1
16.7
17.2
19.2
21.3
23.3
24.6
25.9
27.2
27.4
27.6
27.8
27.4
27.1
26.7
25.0
23.4
21.7
20.6
19.4
18.3
18.9
19.4
20.0
20.0
20.0
20.0
21.7
23.3
25.0
25.9
26.9
27.8
27.8
27.8
27.8
27.2
26.7
26.1
24.3
22.4
20.6
20.6
20.6
20.6
20.4
20.2
20.0
20.0
20.0
20.0
20.7
21.5
22.2
23.7
25.2
26.7
27.2
27.8
28.3
27.6
26.8
26.1
23.9
21.6
19.4
19.4
19.4
19.4
19.2
19.1
18.9
18.0
17.0
16.1
15.5
15.0
14.4
14.6
14.8
15.0
15.0
15.0
15.0
15.4
15.7
16.1
15.5
15.0
14.4
13.7
12.9
12.2
11.7
11.1
10.6
10.4
10.2
10.0
13.5
17.1
20.6
22.1
23.5
25.0
25.4
25.7
26.1
25.9
25.8
25.6
23.5
21.5
19.4
18.1
16.9
15.6
15.2
14.8
14.4
15.3
16.3
17.2
19.8
22.4
25.0
25.7
26.5
27.2
27.8
28.3
28.9
28.3
27.8
27.2
25.7
24.3
22.8
21.9
20.9
20.0
19.4
18.9
18.3
18.5
18.7
18.9
21.5
24.1
26.7
28.5
30.4
32.2
32.6
32.9
33.3
32.4
31.5
30.6
29.3
28.0
26.7
26.1
25.6
25.0
25.0
25.0
25.0
24.8
24.6
24.4
25.3
26.3
27.2
27.8
28.3
28.9
28.9
28.9
28.9
28.2
27.4
26.7
24.7
22.6
20.6
19.5
18.3
17.2
16.1
15.0
13.9
13.5
13.2
12.8
14.8
16.9
18.9
20.4
21.8
23.3
23.9
24.4
25.0
24.8
24.6
24.4
22.4
20.3
18.3
17.4
16.5
15.6
14.8
14.1
13.3
13.9
14.4
15.0
17.0
19.1
21.1
23.1
25.2
27.2
27.8
28.3
28.9
28.0
27.0
26.1
25.0
23.9
22.8
22.1
21.3
20.6
19.8
19.1
18.3
18.3
18.3
18.3
18.3
18.3
18.3
19.2
20.2
21.1
22.4
23.7
25.0
25.4
25.7
26.1
25.2
24.2
23.3
22.6
21.8
21.1
20.7
20.4
20.0
20.2
20.4
20.6
22.4
24.3
26.1
27.8
29.4
31.1
32.2
33.3
34.4
33.7
32.9
32.2
30.5
28.9
27.2
26.7
26.1
25.6
24.7
23.7
22.8
23.0
23.1
23.3
25.5
27.8
30.0
31.3
32.6
33.9
34.3
34.6
35.0
34.3
33.5
32.8
31.5
30.2
28.9
27.4
25.9
24.4
23.1
21.9
20.6
20.6
20.6
20.6
21.1
21.7
22.2
23.1
24.1
25.0
25.2
25.4
25.6
25.0
24.5
23.9
22.8
21.7
20.6
19.5
18.3
17.2
16.7
16.1
15.6
15.6
15.6
15.6
18.5
21.5
24.4
25.2
25.9
26.7
27.1
27.4
27.8
27.4
27.1
26.7
25.0
23.4
21.7
21.1
20.6
20.0
20.2
20.4
20.6
21.1
21.7
22.2
23.1
24.1
25.0
24.3
23.5
22.8
22.8
22.8
22.8
23.7
24.7
25.6
24.5
23.3
22.2
21.8
21.5
21.1
20.0
18.9
17.8
17.1
16.3
15.6
17.3
18.9
20.6
21.5
22.4
23.3
23.7
24.0
24.4
24.2
24.1
23.9
22.0
20.2
18.3
17.4
16.5
15.6
14.8
14.1
13.3
14.2
15.2
16.1
18.5
20.9
23.3
24.6
25.9
27.2
27.2
27.2
27.2
26.7
26.1
25.6
24.7
23.7
22.8
22.4
22.1
21.7
20.9
20.2
19.4
19.8
20.2
20.6
20.4
20.2
20.0
20.9
21.9
22.8
23.9
25.0
26.1
25.7
25.4
25.0
24.3
23.5
22.8
22.4
22.1
21.7
21.5
21.3
21.1
21.1
21.1
21.1
23.0
24.8
26.7
28.5
30.4
32.2
32.4
32.6
32.8
32.2
31.7
31.1
30.0
28.9
27.8
27.1
26.3
25.6
25.2
24.8
24.4
24.4
24.4
24.4
26.1
27.7
29.4
31.1
32.7
34.4
34.8
35.2
35.6
35.0
34.5
33.9
32.6
31.3
30.0
29.3
28.5
27.8
27.2
26.7
26.1
26.3
26.5
26.7
27.1
27.4
27.8
28.7
29.7
30.6
32.1
33.5
35.0
34.6
34.3
33.9
31.7
29.4
27.2
27.0
26.9
26.7
26.5
26.3
26.1
26.3
26.5
26.7
27.4
28.2
28.9
29.6
30.4
31.1
32.2
33.3
34.4
32.9
31.5
30.0
28.1
26.3
24.4
23.9
23.3
22.8
22.4
22.1
21.7
21.9
22.0
22.2
24.2
26.3
28.3
29.2
30.2
31.1
32.0
33.0
33.9
33.7
33.5
33.3
31.6
30.0
28.3
26.8
25.4
23.9
23.7
23.5
23.3
23.1
23.0
22.8
24.8
26.9
28.9
30.4
31.8
33.3
33.5
33.7
33.9
33.7
33.5
33.3
31.6
30.0
28.3
27.6
26.8
26.1
25.2
24.2
23.3
23.9
24.4
25.0
27.2
29.5
31.7
32.8
33.9
35.0
35.0
35.0
35.0
32.6
30.2
27.8
27.1
26.3
25.6
25.4
25.2
25.0
24.9
24.7
24.5
24.3
24.6
25.0
27.6
30.2
32.8
33.7
34.7
35.6
35.8
35.9
36.1
35.2
34.2
33.3
30.9
28.5
26.1
24.8
23.5
22.2
22.0
21.9
21.7
21.9
22.0
22.2
22.8
23.3
23.9
25.2
26.5
27.8
28.3
28.9
29.4
29.0
28.7
28.3
27.0
25.7
24.4
23.7
22.9
22.2
22.0
21.9
21.7
21.5
21.3
21.1
21.1
21.1
21.1
21.8
22.6
23.3
23.5
23.7
23.9
24.1
24.2
24.4
24.0
23.7
23.3
22.9
22.6
22.2
22.0
21.9
21.7
21.9
22.0
22.2
22.8
23.3
23.9
25.0
26.1
27.2
27.2
27.2
27.2
27.0
26.9
26.7
25.6
24.4
23.3
22.6
21.8
21.1
20.9
20.8
20.6
20.8
20.9
21.1
23.0
24.8
26.7
27.6
28.5
29.4
30.0
30.5
31.1
30.7
30.4
30.0
28.7
27.4
26.1
24.8
23.5
22.2
21.8
21.5
21.1
21.7
22.2
22.8
24.3
25.7
27.2
28.5
29.8
31.1
31.7
32.2
32.8
32.4
32.1
31.7
29.5
27.2
25.0
24.1
23.1
22.2
22.8
23.3
23.9
23.5
23.2
22.8
24.5
26.1
27.8
29.1
30.4
31.7
31.9
32.0
32.2
31.7
31.1
30.6
29.5
28.3
27.2
26.5
25.7
25.0
24.1
23.1
22.2
21.8
21.5
21.1
22.4
23.7
25.0
25.9
26.9
27.8
28.2
28.5
28.9
28.7
28.5
28.3
26.8
25.4
23.9
23.5
23.2
22.8
23.3
23.9
24.4
23.1
21.9
20.6
21.1
21.7
22.2
23.9
25.5
27.2
27.8
28.3
28.9
28.2
27.4
26.7
25.8
24.8
23.9
23.7
23.5
23.3
22.8
22.2
21.7
21.1
20.6
20.0
20.2
20.4
20.6
21.0
21.3
21.7
22.2
22.8
23.3
23.3
23.3
23.3
21.5
19.6
17.8
17.4
17.1
16.7
15.9
15.2
14.4
14.8
15.2
15.6
17.4
19.3
21.1
22.0
23.0
23.9
24.1
24.2
24.4
24.0
23.7
23.3
22.0
20.7
19.4
18.9
18.3
17.8
17.8
17.8
17.8
17.8
17.8
17.8
19.6
21.5
23.3
23.7
24.0
24.4
23.9
23.3
22.8
22.8
22.8
22.8
23.0
23.1
23.3
23.5
23.7
23.9
23.9
23.9
23.9
23.9
23.9
23.9
25.7
27.6
29.4
29.0
28.7
28.3
29.1
29.8
30.6
29.7
28.7
27.8
25.9
24.1
22.2
20.9
19.6
18.3
17.6
16.8
16.1
16.5
16.8
17.2
20.0
22.8
25.6
26.7
27.8
28.9
29.3
29.6
30.0
29.4
28.9
28.3
27.6
26.8
26.1
25.5
25.0
24.4
23.3
22.2
21.1
21.1
21.1
21.1
23.0
24.8
26.7
27.8
28.9
30.0
30.4
30.7
31.1
30.7
30.4
30.0
28.5
27.1
25.6
24.8
24.1
23.3
22.4
21.5
20.6
20.8
20.9
21.1
23.3
25.6
27.8
28.5
29.3
30.0
30.6
31.1
31.7
30.9
30.2
29.4
27.9
26.5
25.0
24.1
23.1
22.2
21.8
21.5
21.1
21.7
22.2
22.8
24.6
26.5
28.3
29.4
30.6
31.7
31.9
32.0
32.2
31.8
31.5
31.1
29.3
27.4
25.6
25.6
25.6
25.6
24.8
24.1
23.3
23.3
23.3
23.3
24.6
25.9
27.2
28.7
30.2
31.7
32.1
32.4
32.8
32.1
31.3
30.6
29.5
28.3
27.2
26.7
26.1
25.6
25.0
24.5
23.9
24.1
24.2
24.4
25.5
26.7
27.8
29.1
30.4
31.7
32.1
32.4
32.8
32.4
32.1
31.7
30.2
28.7
27.2
26.8
26.5
26.1
25.7
25.4
25.0
25.0
25.0
25.0
26.7
28.3
30.0
31.1
32.2
33.3
33.3
33.3
33.3
32.8
32.2
31.7
30.4
29.1
27.8
27.4
27.1
26.7
26.1
25.6
25.0
24.8
24.6
24.4
26.5
28.5
30.6
31.7
32.8
33.9
33.9
33.9
33.9
33.2
32.4
31.7
30.6
29.4
28.3
27.4
26.5
25.6
24.7
23.7
22.8
23.3
23.9
24.4
26.3
28.1
30.0
31.1
32.2
33.3
33.3
33.3
33.3
32.2
31.1
30.0
28.0
25.9
23.9
23.5
23.2
22.8
22.8
22.8
22.8
22.1
21.3
20.6
20.0
19.5
18.9
19.5
20.0
20.6
20.8
20.9
21.1
20.9
20.8
20.6
20.0
19.5
18.9
18.9
18.9
18.9
18.9
18.9
18.9
18.9
18.9
18.9
19.3
19.6
20.0
20.7
21.5
22.2
22.6
22.9
23.3
23.3
23.3
23.3
22.8
22.2
21.7
20.6
19.4
18.3
18.1
18.0
17.8
17.8
17.8
17.8
18.7
19.7
20.6
22.6
24.7
26.7
27.8
28.9
30.0
29.8
29.6
29.4
28.3
27.2
26.1
25.5
25.0
24.4
23.9
23.3
22.8
22.8
22.8
22.8
24.8
26.9
28.9
29.8
30.8
31.7
31.7
31.7
31.7
27.6
23.5
19.4
19.8
20.2
20.6
20.2
19.8
19.4
19.4
19.4
19.4
19.4
19.4
19.4
21.1
22.7
24.4
25.3
26.3
27.2
27.2
27.2
27.2
26.3
25.3
24.4
23.1
21.9
20.6
19.7
18.7
17.8
17.4
17.1
16.7
17.2
17.8
18.3
20.3
22.4
24.4
25.3
26.3
27.2
27.4
27.6
27.8
27.2
26.7
26.1
24.6
23.2
21.7
21.9
22.0
22.2
21.8
21.5
21.1
21.3
21.5
21.7
23.7
25.8
27.8
28.9
30.0
31.1
30.9
30.8
30.6
29.5
28.3
27.2
25.9
24.6
23.3
22.4
21.5
20.6
19.7
18.7
17.8
17.6
17.4
17.2
18.1
19.1
20.0
20.9
21.9
22.8
22.4
22.1
21.7
21.5
21.3
21.1
20.2
19.2
18.3
17.6
16.8
16.1
15.2
14.2
13.3
13.3
13.3
13.3
16.3
19.2
22.2
23.5
24.8
26.1
26.7
27.2
27.8
27.2
26.7
26.1
25.0
23.9
22.8
22.9
22.9
23.0
23.1
23.2
23.2
23.3
23.3
23.9
25.6
28.3
29.4
31.1
31.7
32.2
32.8
32.2
32.8
32.2
31.7
30.6
28.9
27.2
26.7
26.1
26.7
26.1
25.0
25.0
25.0
25.0
24.4
25.0
25.6
26.1
28.3
30.0
30.6
30.6
27.2
27.2
29.4
27.8
28.3
20.6
21.1
21.7
21.7
22.2
21.7
21.7
21.7
21.1
21.1
21.1
21.7
22.2
22.2
22.8
24.4
26.0
27.8
27.8
28.0
27.2
28.0
28.3
27.8
28.3
25.6
22.8
22.2
21.7
21.7
21.7
22.2
22.2
21.7
21.1
21.7
21.1
22.2
22.2
25.6
27.8
28.3
28.9
30.6
30.0
30.0
30.6
30.0
28.9
27.0
24.4
23.9
21.7
22.2
21.7
20.6
20.0
19.4
18.3
18.6
19.4
23.3
26.1
27.8
28.9
29.4
30.6
31.1
31.1
31.1
31.1
30.6
29.4
27.8
23.9
23.9
21.7
21.1
22.2
21.1
21.1
18.3
17.2
16.7
17.8
22.2
25.6
27.8
28.9
30.0
31.1
31.7
31.7
32.2
31.7
31.1
29.4
27.8
23.9
22.2
21.7
20.0
20.0
19.4
19.4
20.0
18.3
19.4
20.0
22.8
26.1
28.9
30.6
31.1
31.0
31.7
32.2
32.2
32.2
31.1
30.6
26.7
25.6
23.9
22.2
22.8
22.2
22.2
22.2
21.1
21.1
20.6
22.2
25.0
27.8
30.0
30.6
31.1
31.7
32.2
32.2
32.8
32.2
31.7
30.0
28.3
27.2
25.6
25.0
24.4
24.4
23.9
23.9
22.8
22.8
22.2
22.8
25.6
27.8
29.4
30.6
32.2
33.3
33.9
34.4
32.8
33.3
31.7
30.6
27.8
26.1
25.6
23.9
22.8
22.8
22.2
21.7
21.1
21.1
21.7
21.7
21.7
22.8
23.9
25.6
26.7
27.2
28.3
28.3
28.3
28.3
27.2
26.1
23.3
21.1
19.4
18.9
18.9
18.3
18.9
18.9
18.3
18.3
18.3
17.8
18.9
20.0
22.8
23.9
25.6
26.7
27.8
27.8
27.8
26.7
26.1
26.7
23.9
21.7
20.6
18.9
17.2
17.2
15.6
15.6
15.0
15.0
15.0
16.1
19.4
22.8
25.0
26.1
26.7
27.8
28.3
28.9
29.4
29.4
28.9
28.3
24.4
21.7
19.4
18.9
18.3
17.2
17.8
16.7
17.2
18.3
18.3
18.3
20.6
22.8
25.0
26.1
27.2
27.8
27.8
26.1
25.6
26.1
26.1
25.0
22.2
20.0
18.9
18.3
16.1
16.7
15.0
12.2
12.8
11.1
11.7
12.2
15.0
18.9
21.7
22.2
23.3
24.4
25.0
25.6
26.7
25.0
24.4
23.3
20.6
17.8
16.7
14.4
16.1
15.6
16.7
15.6
14.4
13.3
15.0
15.6
16.7
20.6
22.2
24.4
26.1
25.6
26.1
25.0
23.9
23.9
23.3
21.7
21.1
20.6
20.6
22.2
19.4
19.4
20.0
20.6
20.6
21.1
21.0
20.0
19.4
19.4
18.9
18.9
20.0
21.1
22.2
22.2
22.8
23.3
23.3
22.2
19.4
19.4
16.7
15.6
16.7
15.0
14.4
14.4
13.3
13.9
13.9
13.3
17.2
19.4
21.7
23.3
24.4
25.0
25.6
26.1
25.6
25.6
24.4
22.2
22.2
20.6
20.0
19.4
20.6
17.8
16.7
16.1
16.7
16.1
16.7
17.2
20.0
22.2
23.9
25.6
27.8
28.9
30.0
21.1
22.8
23.3
25.0
23.9
22.2
19.4
18.3
16.7
16.1
16.1
15.0
13.9
12.8
12.8
13.9
15.0
15.6
16.1
17.2
19.4
21.1
21.7
22.8
23.9
24.4
25.0
24.4
23.3
19.4
18.3
16.1
15.0
15.6
13.9
13.9
13.3
12.8
12.2
11.7
12.2
17.2
20.0
22.8
23.9
25.0
26.1
26.7
27.2
27.8
27.2
26.7
25.0
21.1
20.0
18.3
18.3
17.2
18.3
17.2
16.7
16.1
17.8
17.8
18.9
21.1
21.7
23.9
26.1
27.8
28.9
30.6
28.9
28.3
28.3
27.8
27.2
26.7
26.1
25.6
24.4
23.9
23.9
23.3
23.3
22.8
22.2
22.8
22.8
24.4
26.7
30.0
31.7
33.3
33.3
34.4
33.9
32.8
31.7
31.7
30.0
26.0
21.1
20.6
21.1
20.6
20.6
20.6
20.0
20.0
20.0
20.0
20.0
20.6
21.7
23.9
25.0
26.7
26.7
27.8
27.8
27.2
26.0
25.6
25.0
23.9
23.3
21.7
21.7
21.1
21.7
22.2
22.2
22.2
21.7
21.1
21.1
21.7
22.2
22.2
23.9
25.0
25.0
25.6
25.6
25.6
26.0
26.1
25.6
24.4
24.4
23.9
23.3
23.3
22.2
22.8
22.8
23.3
22.8
22.8
22.8
23.9
25.6
25.0
26.1
26.7
27.2
28.3
29.4
28.9
28.9
27.2
26.7
25.6
25.0
23.9
21.7
22.2
22.2
22.2
21.7
21.1
20.0
20.6
20.6
21.1
21.7
22.2
22.8
23.9
26.7
26.7
27.8
28.3
28.3
27.8
25.6
22.8
20.6
20.0
20.0
18.9
17.2
17.2
17.8
17.2
16.1
15.6
16.1
18.9
22.2
25.0
26.1
27.2
28.3
28.9
28.9
28.9
28.9
27.8
26.1
25.0
23.3
22.8
22.8
22.2
21.1
20.6
20.0
20.0
18.9
18.9
18.3
21.7
23.3
25.6
27.8
28.3
27.2
28.9
28.9
28.9
28.9
27.8
25.6
21.7
21.7
20.0
18.3
18.3
18.9
17.8
16.7
17.2
16.1
15.0
15.0
17.8
20.6
22.8
25.6
27.2
28.3
28.9
30.0
30.0
30.0
29.4
27.8
24.4
24.4
22.8
22.2
21.7
21.7
21.1
21.1
20.0
18.3
19.4
19.4
21.1
23.3
26.7
27.8
28.9
30.0
30.6
30.6
31.1
30.0
28.9
27.2
25.0
20.0
19.9
20.0
19.4
20.0
18.9
18.9
17.8
18.9
18.3
18.3
18.9
20.0
22.0
23.9
24.4
25.6
26.1
26.7
26.1
26.1
25.6
23.9
21.1
18.9
18.3
18.7
19.1
19.5
19.9
20.3
20.7
21.1
21.7
21.7
22.2
22.8
23.3
23.9
24.4
23.9
22.2
21.7
21.7
21.1
21.7
21.7
21.1
20.0
20.0
19.4
18.9
18.3
17.8
17.2
16.7
16.1
16.1
15.6
17.2
18.3
21.1
21.7
23.9
23.9
24.4
25.6
26.1
25.6
25.6
22.8
21.1
20.6
20.0
20.0
20.0
20.0
19.4
18.9
18.3
18.3
18.9
18.9
18.9
18.9
18.9
19.4
21.1
23.9
23.9
24.4
25.6
23.9
23.9
22.2
20.6
18.9
18.3
17.8
17.2
17.2
16.7
16.1
16.1
15.6
15.6
15.6
16.7
20.0
21.7
22.8
23.9
23.9
23.3
25.6
25.6
24.4
24.4
21.7
20.0
18.9
18.3
16.1
15.6
15.6
15.6
14.4
15.0
14.4
13.9
13.9
16.1
20.0
21.7
22.8
24.4
24.4
25.6
26.1
25.6
23.9
23.9
22.2
20.6
18.9
18.3
18.3
17.2
16.7
16.1
16.1
15.6
15.0
14.4
15.0
16.1
17.8
20.6
23.3
24.4
25.0
25.0
24.4
25.0
24.4
24.4
22.8
19.4
18.9
17.2
17.8
17.8
17.8
17.8
16.7
16.1
16.1
16.1
16.7
18.3
21.1
21.7
22.2
22.8
21.7
20.6
20.6
20.6
20.6
20.6
20.0
19.4
18.9
18.3
17.8
17.2
16.7
15.6
15.6
15.0
14.4
13.3
13.3
15.0
17.2
18.9
21.1
21.7
21.7
23.3
23.9
23.9
23.3
22.8
20.6
17.8
16.1
16.1
15.6
15.0
14.4
14.4
13.9
13.3
11.7
11.1
10.6
13.3
17.8
20.6
22.2
23.9
24.4
25.0
26.1
26.1
25.6
24.4
21.1
18.3
17.2
16.1
16.1
16.7
15.6
15.6
15.6
15.0
15.6
15.0
15.0
17.8
20.6
23.9
26.1
27.8
28.9
29.4
30.0
30.0
29.4
28.3
24.4
22.2
20.6
19.4
18.9
18.3
17.8
17.2
17.2
16.7
16.1
16.1
16.1
18.9
21.7
23.9
25.6
25.6
27.8
28.3
28.9
28.9
27.8
27.2
25.6
23.3
22.2
21.7
21.7
21.1
20.6
20.6
19.4
18.9
18.9
18.3
18.3
20.0
23.3
26.1
27.8
28.9
30.0
30.6
31.1
31.1
30.0
28.3
27.2
25.6
25.0
23.3
22.8
21.7
21.7
21.1
21.1
20.6
20.6
21.1
20.0
21.7
23.9
27.2
28.3
30.6
31.1
31.1
28.9
30.0
30.6
29.4
26.7
24.4
24.4
23.3
21.7
22.2
22.2
22.2
21.7
21.1
21.7
21.1
20.6
21.1
22.8
23.9
25.6
26.1
27.2
28.9
28.3
28.3
27.8
26.7
24.4
23.3
21.7
21.1
20.0
19.4
16.7
16.1
15.6
15.6
15.6
15.6
15.6
16.1
18.3
20.6
22.2
23.3
23.9
25.6
25.0
25.6
23.9
21.7
21.7
19.4
18.3
17.2
16.1
16.1
15.6
15.6
15.6
14.4
13.9
12.8
11.7
12.8
15.0
16.7
17.2
17.8
19.4
17.2
17.8
17.2
18.3
17.2
15.0
12.8
11.7
10.6
10.0
8.9
8.9
8.9
8.3
7.8
7.8
7.2
7.2
8.9
10.0
12.8
15.0
15.0
15.6
16.1
16.1
16.7
16.7
16.7
15.6
12.8
11.7
11.7
10.6
10.0
9.4
8.3
8.3
7.2
7.2
7.2
7.2
8.3
11.1
13.9
16.1
17.2
18.9
18.9
17.8
17.2
17.2
16.7
14.4
11.7
10.6
9.4
8.9
8.3
8.3
8.3
8.3
8.3
8.3
7.8
7.8
9.4
13.9
17.2
20.0
22.8
23.9
25.6
26.1
26.1
26.1
24.4
21.1
18.3
17.8
17.2
16.1
16.1
16.7
15.6
15.6
15.6
12.8
11.1
10.6
13.3
17.8
21.1
22.2
23.9
25.6
27.8
28.9
28.9
27.8
26.7
21.7
18.3
17.2
16.7
16.7
17.2
16.7
15.6
15.6
14.4
13.3
13.9
14.4
15.6
18.3
22.2
25.6
26.7
28.3
28.9
29.4
28.9
28.3
27.2
24.4
22.2
20.0
20.6
17.2
15.6
15.6
15.6
15.0
15.0
13.9
13.9
13.9
13.9
15.0
15.6
16.7
17.8
19.4
20.6
21.7
21.7
21.1
18.9
16.1
14.4
13.9
12.2
11.1
10.0
9.4
9.4
8.3
7.8
7.8
7.2
7.2
9.4
11.7
13.9
16.1
17.2
18.3
19.4
21.1
20.6
20.6
20.0
17.8
16.1
16.1
14.4
14.4
15.6
15.6
15.0
13.3
13.3
13.3
12.2
12.2
15.0
15.6
16.7
19.4
22.2
21.7
21.1
21.1
21.7
21.1
19.4
18.9
18.9
17.8
16.7
16.1
16.1
16.1
15.0
16.7
17.2
18.3
17.8
17.2
18.3
18.3
18.9
21.1
20.6
24.4
25.6
26.1
27.2
26.7
25.0
24.4
24.4
24.4
23.9
22.8
22.8
22.2
22.2
22.2
21.7
21.1
21.1
20.6
21.1
23.3
23.9
27.8
28.9
23.9
27.8
29.4
27.8
27.8
21.1
20.6
20.6
20.6
19.4
19.4
18.3
16.1
15.0
13.9
12.8
11.7
9.4
8.9
10.0
14.4
18.3
21.1
22.2
23.3
24.4
24.4
24.4
23.9
22.2
18.9
16.7
14.4
13.9
12.8
11.1
11.7
11.7
10.6
9.4
8.9
8.3
7.2
8.9
11.1
12.8
14.4
15.6
17.2
18.3
18.9
19.4
20.0
18.9
15.6
16.1
16.1
15.0
14.4
14.4
14.4
15.0
14.4
15.0
15.0
15.0
15.6
15.6
16.1
13.3
15.0
15.0
16.7
18.9
23.3
25.0
25.0
23.9
22.2
21.7
20.6
20.6
20.6
20.0
19.4
18.9
18.9
18.9
18.9
18.9
18.3
18.9
21.7
25.6
27.8
29.4
30.6
31.7
32.2
31.7
30.6
29.4
27.2
26.1
24.4
23.3
21.0
18.6
16.3
14.0
11.7
9.3
7.0
6.9
6.7
9.3
11.8
14.4
16.1
17.7
19.4
20.2
20.9
21.7
20.0
18.4
16.7
15.2
13.7
12.2
11.8
11.5
11.1
10.9
10.8
10.6
10.6
10.6
10.6
13.0
15.4
17.8
19.5
21.1
22.8
23.3
23.9
24.4
23.1
21.9
20.6
20.4
20.2
20.0
18.7
17.4
16.1
15.9
15.8
15.6
15.4
15.2
15.0
15.4
15.7
16.1
16.5
16.8
17.2
17.8
18.3
18.9
18.0
17.0
16.1
14.4
12.8
11.1
11.3
11.5
11.7
11.1
10.6
10.0
9.4
8.9
8.3
10.5
12.8
15.0
16.7
18.3
20.0
20.9
21.9
22.8
21.3
19.8
18.3
18.3
18.3
18.3
17.9
17.6
17.2
16.1
15.0
13.9
13.3
12.8
12.2
12.9
13.7
14.4
14.8
15.2
15.6
14.7
13.7
12.8
12.6
12.4
12.2
11.8
11.5
11.1
10.4
9.6
8.9
8.7
8.5
8.3
7.8
7.2
6.7
7.8
8.9
10.0
10.9
11.9
12.8
12.8
12.8
12.8
12.4
12.1
11.7
11.1
10.6
10.0
9.6
9.3
8.9
8.2
7.4
6.7
7.1
7.4
7.8
8.3
8.9
9.4
10.5
11.7
12.8
12.8
12.8
12.8
11.1
9.5
7.8
6.9
5.9
5.0
3.9
2.8
1.7
1.5
1.3
1.1
0.5
0.0
-0.6
2.7
6.1
9.4
10.9
12.4
13.9
14.6
15.4
16.1
14.6
13.2
11.7
11.5
11.3
11.1
10.9
10.8
10.6
10.0
9.5
8.9
8.9
8.9
8.9
11.1
13.4
15.6
18.0
20.4
22.8
23.0
23.1
23.3
21.5
19.6
17.8
17.1
16.3
15.6
14.8
14.1
13.3
13.5
13.7
13.9
13.3
12.8
12.2
12.8
13.3
13.9
13.9
13.9
13.9
15.0
16.1
17.2
15.7
14.3
12.8
12.6
12.4
12.2
12.4
12.6
12.8
12.8
12.8
12.8
12.2
11.7
11.1
12.2
13.3
14.4
15.0
15.5
16.1
16.3
16.5
16.7
15.9
15.2
14.4
14.4
14.4
14.4
13.9
13.3
12.8
13.2
13.5
13.9
13.9
13.9
13.9
14.5
15.0
15.6
16.7
17.8
18.9
18.7
18.5
18.3
17.0
15.7
14.4
13.1
11.9
10.6
10.4
10.2
10.0
9.3
8.5
7.8
7.8
7.8
7.8
9.1
10.4
11.7
13.4
15.0
16.7
15.9
15.2
14.4
12.9
11.5
10.0
9.8
9.6
9.4
8.7
7.9
7.2
5.9
4.6
3.3
3.5
3.7
3.9
4.8
5.8
6.7
8.0
9.3
10.6
10.8
10.9
11.1
10.0
8.9
7.8
5.9
4.1
2.2
1.8
1.5
1.1
1.5
1.8
2.2
3.1
4.1
5.0
5.9
6.9
7.8
9.5
11.1
12.8
14.5
16.1
17.8
16.1
14.5
12.8
11.3
9.8
8.3
7.6
6.8
6.1
5.5
5.0
4.4
4.2
4.1
3.9
5.2
6.5
7.8
8.7
9.7
10.6
11.1
11.7
12.2
10.5
8.9
7.2
6.3
5.3
4.4
3.9
3.3
2.8
2.2
1.7
1.1
0.5
0.0
-0.6
2.7
6.1
9.4
10.9
12.4
13.9
14.5
15.0
15.6
14.3
13.0
11.7
11.1
10.6
10.0
9.4
8.9
8.3
7.6
6.8
6.1
6.5
6.8
7.2
8.9
10.5
12.2
14.4
16.7
18.9
18.7
18.5
18.3
16.5
14.6
12.8
11.1
9.5
7.8
7.1
6.3
5.6
5.4
5.2
5.0
4.3
3.5
2.8
5.0
7.2
9.4
11.6
13.9
16.1
16.7
17.2
17.8
15.8
13.7
11.7
10.6
9.4
8.3
7.9
7.6
7.2
6.8
6.5
6.1
5.7
5.4
5.0
8.1
11.3
14.4
17.6
20.7
23.9
24.3
24.6
25.0
22.2
19.5
16.7
15.9
15.2
14.4
13.9
13.3
12.8
12.4
12.1
11.7
11.5
11.3
11.1
13.3
15.6
17.8
20.6
23.3
26.1
26.7
27.2
27.8
26.3
24.8
23.3
22.2
21.1
20.0
19.6
19.3
18.9
18.2
17.4
16.7
16.5
16.3
16.1
17.4
18.7
20.0
21.7
23.3
25.0
25.4
25.7
26.1
24.6
23.2
21.7
20.2
18.7
17.2
15.7
14.3
12.8
12.2
11.7
11.1
10.5
10.0
9.4
9.4
9.4
9.4
10.0
10.5
11.1
11.3
11.5
11.7
10.2
8.7
7.2
5.7
4.3
2.8
2.2
1.7
1.1
0.7
0.4
0.0
-0.6
-1.1
-1.7
1.3
4.2
7.2
9.1
10.9
12.8
13.3
13.9
14.4
12.9
11.5
10.0
9.8
9.6
9.4
9.4
9.4
9.4
9.6
9.8
10.0
10.4
10.7
11.1
11.5
11.8
12.2
13.1
14.1
15.0
15.9
16.9
17.8
17.6
17.4
17.2
15.4
13.5
11.7
10.9
10.2
9.4
8.7
7.9
7.2
6.8
6.5
6.1
6.3
6.5
6.7
8.2
9.6
11.1
11.7
12.2
12.8
11.3
9.8
8.3
7.6
6.8
6.1
5.9
5.8
5.6
5.4
5.2
5.0
4.8
4.6
4.4
6.6
8.9
11.1
13.5
15.9
18.3
18.7
19.0
19.4
17.7
16.1
14.4
13.1
11.9
10.6
9.5
8.3
7.2
5.5
3.9
2.2
2.4
2.6
2.8
4.8
6.9
8.9
10.6
12.2
13.9
14.1
14.2
14.4
12.6
10.7
8.9
8.3
7.8
7.2
6.5
5.7
5.0
4.8
4.6
4.4
3.9
3.3
2.8
5.0
7.2
9.4
11.6
13.9
16.1
16.7
17.2
17.8
15.6
13.3
11.1
10.7
10.4
10.0
8.9
7.8
6.7
6.9
7.0
7.2
7.4
7.6
7.8
9.3
10.7
12.2
14.4
16.7
18.9
20.0
21.1
22.2
19.6
17.0
14.4
12.9
11.5
10.0
9.8
9.6
9.4
8.3
7.2
6.1
5.7
5.4
5.0
7.6
10.2
12.8
15.2
17.6
20.0
20.6
21.1
21.7
19.1
16.5
13.9
13.2
12.4
11.7
10.6
9.5
8.4
7.2
6.1
5.0
3.9
2.8
2.2
1.7
5.0
7.8
9.4
11.1
11.7
12.8
13.9
13.9
13.3
11.7
10.0
9.4
9.4
9.4
8.9
6.7
6.1
6.1
5.0
5.0
3.3
0.6
3.3
2.8
6.7
11.1
16.1
17.8
19.4
20.0
20.0
20.0
18.3
17.2
16.1
15.0
15.6
15.0
15.0
15.0
13.9
12.8
12.2
12.2
12.2
11.1
11.1
11.1
13.3
16.0
17.8
20.0
21.1
22.2
21.7
21.1
20.6
18.9
17.8
17.0
16.1
15.0
16.1
15.6
15.6
15.0
15.0
14.4
14.4
13.9
13.3
12.8
13.3
14.4
16.1
17.2
18.3
20.0
20.6
20.0
18.9
17.2
14.4
12.8
12.8
12.8
13.3
12.2
12.8
13.3
13.9
14.4
13.3
12.8
13.3
13.9
15.6
17.2
18.9
19.4
18.9
20.0
20.6
20.0
19.4
18.9
18.9
19.4
19.4
19.4
13.3
14.0
13.9
13.0
12.2
11.1
11.1
11.1
11.1
11.1
11.0
11.1
12.2
11.7
11.7
11.7
11.1
10.6
10.6
10.6
8.9
7.8
7.2
5.6
5.6
5.0
3.9
4.4
5.0
5.0
5.6
6.1
6.1
6.7
8.3
10.0
12.2
15.0
16.7
16.7
16.7
17.2
16.1
16.1
15.0
14.4
15.0
14.4
14.4
13.9
15.0
15.0
15.0
15.0
15.0
15.0
15.0
13.3
14.4
15.6
18.3
20.6
21.1
22.8
23.3
22.8
21.7
21.1
20.6
21.7
20.6
20.6
20.6
20.6
19.4
20.0
19.4
19.4
19.4
18.9
18.3
13.9
12.2
11.7
11.7
12.2
12.8
13.3
13.3
13.3
11.7
10.6
10.0
9.4
8.3
7.2
6.7
6.1
5.6
4.4
3.9
3.9
2.8
1.1
-0.6
-1.1
1.7
3.9
5.6
7.2
8.3
8.9
10.6
10.6
10.0
8.3
6.7
5.0
4.4
5.0
4.4
3.3
3.9
3.3
3.3
3.3
3.9
4.4
3.3
3.3
6.1
9.4
11.7
14.4
17.2
17.8
18.3
17.2
16.7
15.6
15.0
13.3
12.8
11.1
11.7
11.1
10.6
10.0
10.0
10.0
9.4
9.4
8.9
9.4
10.0
12.2
14.4
16.7
17.2
17.8
18.3
18.3
17.8
17.2
15.0
16.7
16.7
16.1
16.1
16.1
17.2
16.7
16.7
14.4
12.8
11.7
10.6
10.6
11.1
11.7
12.2
12.8
13.9
13.9
14.4
14.4
12.8
11.1
9.4
8.3
7.2
6.1
5.0
5.0
3.3
3.3
2.2
1.7
2.2
2.8
2.2
3.9
4.4
5.6
5.6
6.7
7.2
6.7
6.1
5.6
5.6
5.0
5.6
5.6
5.6
6.1
6.1
6.1
6.7
6.1
6.1
6.1
6.1
6.1
6.7
6.7
7.0
8.0
7.8
7.8
8.9
9.4
11.7
13.3
9.4
7.8
6.7
5.0
4.4
3.9
3.3
2.8
2.8
2.2
1.7
1.1
0.6
0.0
-0.6
-1.1
-1.7
-1.7
-2.2
-1.7
-2.2
-2.2
0.0
-0.6
-0.6
-1.1
-2.2
-2.8
-3.3
-3.9
-5.0
-6.1
-6.7
-6.7
-7.2
-7.8
-8.3
-8.3
-8.9
-8.9
-8.3
-6.7
-6.1
-4.4
-2.8
-1.7
-0.6
-1.1
-0.6
-1.7
-3.3
-3.9
-3.3
-3.9
-3.3
-2.2
-2.2
-1.7
-1.7
-1.1
-0.6
0.0
0.0
0.0
0.6
2.8
3.9
5.6
6.7
7.2
8.3
8.3
7.8
4.4
2.2
3.3
3.3
2.8
2.2
2.8
3.3
2.8
2.8
3.3
2.8
3.3
3.3
3.3
3.9
6.7
8.9
11.1
12.8
13.3
13.3
13.9
12.8
10.0
9.4
7.8
5.0
4.4
3.9
4.4
2.8
2.8
2.2
0.6
-0.6
-1.1
-2.2
-1.7
-0.6
1.1
5.0
6.1
7.2
7.8
7.8
8.3
8.0
6.7
6.1
6.0
5.6
5.6
5.6
5.0
5.0
5.0
5.6
5.6
5.0
4.4
4.4
4.4
3.3
5.6
6.7
7.8
9.4
10.6
11.7
11.7
11.1
8.9
8.3
8.3
7.2
6.1
5.0
3.3
3.3
3.3
2.8
2.2
1.7
1.1
0.6
0.0
1.1
2.8
3.3
5.0
6.1
7.2
7.2
7.2
6.7
3.3
1.7
1.7
1.7
2.8
2.8
3.3
3.9
3.3
3.9
3.9
4.4
4.4
4.4
4.4
5.6
7.2
9.4
10.6
13.3
13.3
13.9
15.0
13.9
12.8
12.2
10.6
9.4
8.3
7.2
6.1
5.6
5.0
3.9
3.3
2.2
0.6
-0.6
-1.1
-1.1
-1.1
-1.1
-0.6
-1.1
-1.7
-2.2
-2.2
-3.3
-4.4
-5.6
-6.1
-6.7
-7.2
-7.8
-8.3
-8.9
-8.9
-8.3
-7.8
-7.2
-7.2
-6.7
-6.7
-6.1
-5.6
-5.0
-4.4
-3.3
-2.2
-1.7
-0.6
0.0
-0.6
-1.1
-1.1
-1.1
-0.6
-0.6
-0.6
-0.6
-0.6
0.0
-0.6
0.0
1.1
1.7
1.7
3.9
5.6
7.2
8.9
11.1
11.1
12.8
12.8
11.7
10.6
9.4
8.9
8.9
10.0
10.6
10.6
10.0
10.0
10.6
10.6
11.1
11.1
11.1
11.1
11.1
10.6
11.1
10.6
10.6
10.6
11.1
12.2
12.8
13.3
13.3
13.9
13.9
13.9
14.4
15.0
14.4
15.0
14.4
14.4
14.4
13.3
12.2
11.7
12.2
12.2
11.7
11.7
10.0
10.0
9.4
9.4
8.9
7.2
6.1
4.4
3.3
2.8
2.0
2.8
2.8
1.1
0.6
0.0
-0.6
-0.6
-0.6
-1.1
-1.1
-1.7
-1.7
-1.1
-1.7
-1.0
-1.1
-1.1
-1.7
-1.7
-1.7
-1.7
-1.7
-1.1
-1.1
-1.1
-1.1
-1.7
-1.7
-2.2
-2.8
-2.8
-3.3
-3.3
-3.3
-2.8
-2.8
-2.2
-1.7
-0.6
-0.6
0.0
-0.6
-1.1
-1.1
-1.1
-1.1
-1.1
-2.4
-3.7
-5.1
-6.4
-7.8
-9.1
-10.6
-10.0
-10.0
-10.6
-7.8
-5.0
-2.8
0.0
1.7
3.3
4.4
4.4
3.9
3.3
2.2
1.1
1.1
1.1
1.1
1.7
2.2
1.7
1.7
1.7
1.7
1.1
0.6
0.6
1.7
3.9
6.7
8.9
10.0
8.9
8.3
7.8
4.4
0.6
0.0
-1.1
-2.2
-2.2
-2.8
-2.8
-3.3
-3.9
-5.0
-6.1
-7.2
-7.2
-8.3
-8.3
-7.8
-6.1
-3.9
-2.2
-1.7
-1.1
-1.1
-1.7
-2.2
-2.8
-3.3
-3.9
-4.4
-5.0
-5.6
-6.1
-6.7
-6.7
-6.7
-6.7
-6.7
-6.1
-5.6
-5.6
-5.6
-5.0
-3.9
-2.8
-2.2
-1.7
-1.7
-1.1
-1.1
-1.7
-1.7
-1.7
-2.2
-2.8
-3.3
-5.0
-6.7
-6.7
-6.1
-5.0
-5.0
-4.4
-4.4
-3.9
-4.4
-5.0
-2.8
-2.2
-1.1
-1.7
-3.0
-3.9
-4.4
-4.4
-5.0
-7.8
-8.9
-10.0
-10.6
-10.0
-11.7
-10.6
-10.6
-10.0
-11.7
-10.6
-11.1
-10.6
-8.9
-5.6
-3.9
-0.6
1.1
3.3
3.3
3.3
2.8
1.1
0.0
0.0
-0.6
-1.1
-1.1
-1.7
-1.7
-1.1
-1.1
-1.7
-2.2
-2.2
-2.2
-3.3
-2.2
1.1
3.3
5.6
6.7
8.3
8.9
9.4
7.2
2.8
2.8
0.0
0.6
-0.6
-2.2
-1.7
-1.7
-2.8
-3.3
-1.7
-1.1
-2.2
-4.4
-4.4
-5.0
-1.1
0.6
1.7
2.8
3.3
3.3
3.3
1.7
0.0
-1.1
-2.8
-5.6
-6.1
-7.2
-7.8
-8.3
-7.8
-8.9
-8.3
-8.9
-9.4
-9.4
-10.6
-9.4
-6.1
-2.2
0.0
1.1
2.2
2.8
3.9
2.8
1.1
-1.1
-1.7
-0.6
-1.7
-2.8
-3.9
-3.3
-3.9
-3.9
-3.9
-4.4
-6.7
-5.6
-6.1
-7.2
-1.7
2.2
4.4
5.6
6.1
6.7
6.7
5.6
1.1
0.0
-0.6
-3.3
-3.9
-3.9
-4.4
-6.1
-6.1
-6.7
-6.7
-7.2
-7.8
-7.8
-8.3
-7.2
-1.1
2.8
5.0
6.1
7.8
8.3
8.3
7.2
5.0
2.2
1.7
-2.2
-2.8
-1.1
1.1
0.0
-1.7
-2.2
-3.3
-2.2
-1.1
0.0
0.6
1.7
2.8
3.9
5.0
6.1
6.1
6.7
6.7
6.1
5.6
5.6
4.4
3.9
3.3
3.3
2.8
2.2
2.2
1.7
1.1
1.1
1.1
0.6
1.1
0.6
1.7
2.8
3.3
3.9
5.0
4.4
5.0
5.0
4.4
4.4
4.4
4.4
3.9
3.9
2.8
1.1
-0.6
-1.7
-1.1
-1.7
-2.2
-2.2
-2.2
-2.2
-1.7
-1.1
-0.6
0.0
3.0
4.4
6.1
5.6
2.8
2.8
0.6
2.2
2.2
2.8
2.2
2.8
2.8
2.8
1.7
1.7
1.7
1.7
2.2
1.7
3.9
6.7
7.8
10.6
11.1
12.2
12.8
12.8
10.6
8.3
3.9
5.6
3.9
3.3
3.9
2.8
2.2
1.1
0.6
0.0
-0.6
-1.1
-1.1
-1.1
0.0
1.1
1.1
1.7
3.3
4.4
5.0
3.9
3.3
3.3
3.3
3.3
3.3
3.3
3.3
3.3
3.3
3.3
2.8
2.8
2.8
2.8
3.3
3.3
3.9
4.4
4.4
5.0
6.0
5.6
6.1
6.7
7.2
8.3
8.9
10.6
12.8
13.9
13.9
14.4
14.4
11.7
11.7
11.7
12.8
12.2
12.8
13.3
13.9
13.9
13.9
13.3
12.8
12.8
14.4
14.0
15.0
14.4
14.4
13.0
13.9
13.3
13.3
12.2
11.7
8.3
6.7
5.0
4.4
4.4
3.0
2.2
4.4
5.0
5.0
5.6
5.6
5.6
6.1
6.1
5.6
5.6
5.0
5.0
4.4
3.9
3.3
1.7
1.7
1.1
0.6
0.6
0.0
0.0
0.0
0.0
1.1
2.8
3.9
5.0
5.0
4.4
3.9
3.3
2.8
2.8
2.2
0.6
0.6
1.1
0.6
0.6
0.6
0.6
0.0
0.0
0.0
-1.1
-1.7
-1.1
0.0
1.7
2.8
4.4
5.0
6.7
7.2
5.6
3.9
3.3
3.3
6.1
6.1
4.4
2.8
2.2
0.6
0.6
0.0
-1.1
-2.2
-2.2
-2.8
-2.8
-2.2
-2.8
-2.8
-2.8
-1.7
-1.7
-1.1
-0.6
-1.7
-2.2
-2.2
-2.2
-1.7
-1.7
-1.7
-1.7
-3.3
-2.8
-2.2
-2.8
-3.3
-3.3
-5.0
-3.9
-2.2
-2.2
-1.1
-0.6
-0.6
-0.6
-0.6
-1.1
-1.1
-1.1
-1.7
-1.7
-1.7
-2.2
-3.3
-3.9
-3.3
-2.8
-2.8
-2.8
-3.3
-3.3
-3.3
-3.3
-2.8
-2.2
-1.7
-1.7
-1.7
-3.3
-3.0
-3.3
-3.9
-4.4
-5.0
-5.0
-5.0
-5.0
-5.0
-5.0
-5.0
-5.0
-5.0
-5.6
-5.6
-5.6
-5.6
-6.1
-6.0
-5.0
-4.4
-4.4
-3.9
-3.3
-3.3
-3.9
-4.4
-5.0
-5.0
-5.0
-5.0
-5.0
-5.6
-5.6
-5.6
-5.6
-8.3
-8.3
-11.7
-11.1
-11.1
-9.4
-8.9
-6.7
-6.1
-4.4
-3.9
-2.8
-2.2
-3.9
-4.4
-5.0
-3.9
-4.4
-3.9
-4.4
-3.9
-3.9
-4.4
-3.9
-3.9
-3.9
-3.3
-3.3
-4.4
-5.6
-4.4
-3.9
-2.8
-1.1
-0.6
-0.6
0.0
-1.1
-2.8
-3.9
-3.9
-2.8
-2.8
-3.9
-2.8
-3.9
-3.3
-3.3
-3.3
-3.3
-2.8
-3.3
-2.2
-3.3
-1.7
-1.1
1.1
2.8
3.3
4.4
4.4
3.9
2.8
2.2
2.8
2.2
1.7
1.1
2.2
1.1
0.6
-0.6
1.1
0.0
-0.6
-0.6
-1.7
-1.7
2.2
3.9
6.1
6.7
7.2
7.8
7.2
6.7
5.6
5.6
5.6
6.7
7.2
8.3
9.4
9.4
9.4
10.6
10.6
11.7
12.2
13.3
13.3
13.3
13.9
14.4
15.6
16.1
17.2
17.2
17.2
16.1
15.0
13.9
11.7
8.3
6.7
5.6
4.4
3.3
3.3
2.8
2.2
1.7
1.7
1.1
1.1
0.6
0.6
0.6
2.2
3.9
3.9
3.9
3.9
3.3
2.2
1.1
0.6
0.0
-0.6
-1.1
-1.1
