12.5
11.5
10.6
9.7
8.8
7.9
6.9
6.0
8.0
10.0
13.0
16.0
17.0
21.0
22.0
22.0
23.0
21.0
21.0
19.0
16.0
15.0
15.0
15.0
14.0
14.0
12.0
11.0
10.0
9.0
8.0
8.0
7.0
8.0
12.0
16.0
18.0
20.0
21.0
23.0
24.0
23.0
22.0
19.0
18.0
16.0
15.0
14.0
14.0
14.0
12.0
10.0
9.0
8.0
7.0
5.0
6.0
8.0
13.0
16.0
19.0
20.0
21.0
21.0
22.0
21.0
20.0
18.0
15.0
13.0
12.0
12.0
11.0
10.0
10.0
9.0
9.0
9.0
9.0
8.0
9.0
12.0
12.0
16.0
17.0
19.0
20.0
21.0
21.0
19.0
19.0
18.0
17.0
17.0
14.0
14.0
13.0
12.0
10.0
9.0
8.0
8.0
8.0
7.0
9.0
10.0
13.0
16.0
19.0
21.0
23.0
22.0
22.0
20.0
19.0
18.0
17.0
17.0
15.0
15.0
13.0
13.0
12.0
10.0
9.0
9.0
9.0
9.0
9.0
11.0
13.0
16.0
19.0
21.0
23.0
23.0
23.0
22.0
21.0
18.0
16.0
14.0
13.0
13.0
13.0
13.0
12.0
12.0
10.0
10.0
10.0
7.0
9.0
10.0
13.0
15.0
19.0
20.0
22.0
23.0
23.0
22.0
21.0
18.0
16.0
13.0
12.0
11.0
11.0
11.0
11.0
10.0
9.0
9.0
8.0
6.0
7.0
11.0
14.0
16.0
18.0
20.0
21.0
23.0
22.0
21.0
20.0
18.0
18.0
17.0
15.0
14.0
13.0
12.0
12.0
12.0
10.0
9.0
9.0
8.0
11.0
13.0
16.0
18.0
19.0
19.2
19.5
19.7
20.0
19.0
19.0
17.0
16.0
15.0
15.0
14.0
13.0
12.0
11.0
10.0
10.0
10.0
10.0
11.0
11.0
14.0
15.0
17.0
18.0
18.0
18.0
18.0
18.0
18.0
17.0
17.0
16.0
15.0
15.0
14.0
14.0
13.0
13.0
13.0
12.0
11.0
11.0
10.0
11.0
11.0
14.0
17.0
19.0
21.0
22.0
21.4
20.8
20.2
19.6
19.0
17.0
16.0
14.0
13.0
13.0
12.0
11.0
10.0
9.0
7.0
7.0
6.0
6.0
7.0
9.0
11.0
14.0
16.0
18.0
20.0
21.0
20.0
18.0
17.0
16.0
15.0
14.0
13.0
11.0
9.0
8.0
7.0
6.0
6.0
5.0
5.0
5.0
6.0
10.0
15.0
19.0
20.0
20.0
21.0
23.0
20.0
18.0
17.0
15.0
15.0
14.0
13.0
12.0
12.0
10.0
10.0
10.0
7.0
7.0
7.0
8.0
10.0
13.0
17.0
19.0
19.7
20.3
21.0
21.0
21.0
19.0
17.0
15.0
14.0
13.0
12.0
11.0
10.0
10.0
9.0
8.0
8.2
8.5
8.7
9.0
10.0
13.0
14.0
16.7
17.4
18.6
19.7
20.2
20.1
18.6
17.0
15.0
14.0
14.0
13.0
12.0
11.0
10.0
9.5
9.0
7.0
6.0
5.0
7.0
7.0
10.0
13.0
16.0
16.3
17.7
19.0
19.5
19.0
17.5
16.0
14.0
13.5
13.0
12.0
11.0
10.0
9.5
9.0
8.0
7.0
6.0
7.0
8.0
11.0
13.6
16.2
18.8
21.4
24.0
25.1
25.3
24.0
22.2
20.3
20.0
19.2
18.4
18.3
17.5
16.7
16.1
15.3
14.5
14.0
14.3
13.8
14.0
15.0
18.0
19.0
22.0
21.0
22.0
23.0
23.0
21.0
19.0
17.0
17.0
16.0
15.0
15.0
14.0
13.0
12.0
11.0
10.0
9.0
9.0
8.0
8.0
11.0
15.0
18.0
20.0
20.2
20.3
20.5
20.7
20.8
21.0
19.0
17.0
16.0
15.0
13.0
12.0
11.0
11.0
9.0
9.0
8.0
7.0
8.0
9.0
11.0
13.0
16.0
20.0
24.0
23.4
22.8
22.2
21.6
21.0
18.0
17.0
15.0
15.0
14.5
14.0
13.0
11.0
10.0
9.0
9.0
8.0
8.0
10.0
10.0
13.0
16.0
19.0
22.0
23.0
24.0
23.0
22.0
21.0
19.0
18.0
17.0
16.0
15.0
14.0
13.0
12.0
11.0
10.0
9.0
7.0
6.0
8.0
9.0
15.0
18.0
22.0
23.0
24.0
24.0
25.0
23.3
21.7
20.0
19.0
18.0
17.0
17.0
15.0
15.0
14.0
14.0
14.0
11.0
9.0
9.0
9.0
12.5
16.0
18.0
20.0
21.0
22.0
23.0
24.0
22.5
21.0
20.0
17.0
17.0
16.0
15.0
14.0
13.2
12.3
11.5
10.7
9.8
9.0
9.0
10.0
11.0
14.0
15.0
19.0
19.0
20.0
21.0
20.0
20.0
19.0
18.0
17.0
15.0
15.0
14.0
14.0
13.0
12.0
11.0
10.0
10.0
9.0
8.0
9.0
10.0
14.0
17.0
19.0
21.0
23.0
24.0
23.0
22.0
21.0
19.0
18.0
17.0
16.0
15.0
14.0
14.0
13.0
12.0
11.0
10.0
9.0
8.0
9.0
10.0
13.0
16.0
18.0
20.0
22.0
22.0
22.0
20.0
18.0
15.0
14.0
13.0
13.0
12.0
12.0
11.0
10.0
9.0
9.0
8.0
8.0
7.0
9.0
11.0
15.0
17.5
20.0
23.0
24.0
24.0
22.0
20.0
18.0
18.0
17.0
16.0
16.0
15.0
13.0
13.0
12.0
11.0
11.0
10.0
10.0
9.0
9.0
11.0
14.0
18.0
20.0
23.0
24.0
24.0
23.0
22.0
21.0
19.0
18.0
17.0
17.0
16.0
15.0
14.0
15.0
13.0
11.0
10.0
9.0
9.0
11.0
13.0
15.0
19.0
22.0
23.0
24.0
25.0
24.0
23.0
21.5
20.0
19.0
18.0
16.0
16.0
14.0
14.0
13.0
13.0
11.0
10.0
9.0
8.0
7.0
11.0
15.0
17.0
22.0
22.4
22.8
23.2
23.6
24.0
22.0
19.0
19.0
16.0
15.0
14.0
13.0
12.5
12.0
12.0
11.0
10.0
10.0
9.0
10.0
11.0
14.0
15.0
17.0
18.0
19.0
19.0
18.0
18.0
16.5
14.7
13.6
12.7
11.8
11.2
10.7
10.3
9.7
9.0
7.9
6.8
5.5
6.5
8.0
13.0
16.0
20.0
21.7
24.0
25.0
24.0
26.0
24.0
20.7
20.0
18.0
16.0
16.0
14.0
13.0
12.0
11.0
10.0
9.0
9.0
6.2
6.0
9.0
12.5
16.0
18.0
20.0
24.0
25.0
26.0
27.0
26.0
24.0
22.0
20.0
18.5
17.0
16.0
15.0
13.0
12.0
10.0
10.0
9.0
6.5
7.7
9.0
12.7
16.3
20.0
21.8
25.0
26.0
26.0
27.0
26.0
24.0
22.0
19.0
16.0
15.0
14.0
13.0
11.0
10.0
10.0
9.0
7.8
6.6
7.8
9.0
14.0
16.0
19.0
21.3
24.0
25.0
26.0
26.0
26.0
22.9
20.0
18.5
17.0
15.0
14.0
14.0
13.0
12.0
11.0
10.0
9.0
8.0
7.0
8.0
14.0
15.0
18.0
21.2
24.0
25.0
26.0
25.0
24.0
21.3
20.0
19.0
18.0
17.0
17.0
16.0
16.0
15.0
14.0
12.0
11.0
9.0
9.0
8.0
9.0
9.0
9.0
9.2
10.0
12.0
14.0
13.0
13.0
12.9
12.0
10.0
9.0
8.0
8.0
7.0
7.0
6.0
5.0
5.0
5.0
4.0
3.0
4.0
7.0
10.0
14.0
16.2
20.0
21.0
23.0
23.0
21.0
20.0
19.0
18.0
16.0
15.0
14.0
14.0
13.0
13.0
13.0
12.0
10.0
7.3
7.0
8.0
14.0
15.0
17.0
19.1
22.0
23.0
23.0
22.0
22.0
20.3
19.0
17.0
16.0
15.0
14.0
14.0
14.0
13.0
11.0
10.0
10.0
7.8
8.0
10.0
13.0
17.0
20.0
20.2
21.0
23.0
22.0
22.0
21.0
20.2
19.0
18.0
15.0
15.0
15.0
15.0
14.0
13.0
12.0
11.0
11.0
9.8
9.0
9.0
12.0
15.0
17.0
19.2
21.0
20.0
20.0
20.0
20.0
19.4
18.0
17.0
16.0
15.0
15.0
14.0
14.0
13.0
11.5
10.0
10.0
8.0
8.0
8.0
12.0
16.0
18.0
19.0
22.0
21.0
22.0
20.0
20.0
18.5
15.0
13.0
12.0
12.0
11.0
10.0
10.0
10.0
9.0
9.0
9.0
8.5
9.0
9.0
10.0
11.0
14.0
15.3
18.0
19.0
20.0
18.7
17.9
15.5
13.4
12.6
12.0
12.0
10.8
9.7
9.0
8.9
7.7
7.6
7.4
6.0
6.1
8.0
10.0
12.0
16.0
18.0
20.0
22.0
20.0
19.0
17.0
13.2
12.0
12.0
11.5
11.0
10.0
9.0
8.0
8.0
7.0
7.0
7.0
5.0
5.0
9.0
11.0
15.0
18.0
19.0
20.0
22.0
22.0
22.0
21.0
19.0
18.0
17.0
16.0
15.0
14.0
13.0
13.0
12.0
11.0
10.0
9.0
8.2
8.0
11.0
15.0
16.0
19.0
19.2
21.0
23.0
23.0
22.0
21.0
19.2
19.0
17.0
17.0
15.0
14.0
13.0
12.0
11.0
10.0
9.0
8.0
7.2
8.0
12.0
13.0
18.0
20.0
21.8
23.4
25.0
25.0
25.0
25.0
21.4
20.0
18.0
17.0
16.0
16.0
15.5
15.0
14.0
12.0
11.0
10.0
8.2
9.0
9.0
15.0
18.0
21.0
22.6
24.3
26.0
27.0
26.0
23.0
22.0
21.0
20.0
19.0
18.0
17.0
16.0
14.0
14.0
13.0
12.0
12.0
10.2
10.0
14.0
15.0
19.0
23.0
24.7
28.0
28.0
29.0
28.0
26.0
25.2
23.1
21.0
19.0
19.0
16.0
14.0
13.0
12.0
11.0
10.0
9.0
6.8
7.0
12.0
14.0
19.0
24.0
24.9
27.0
28.0
28.0
28.0
25.0
23.9
22.0
21.0
19.0
19.0
18.0
15.0
15.0
14.0
13.7
13.3
13.0
12.0
13.0
14.0
16.0
19.0
22.0
24.0
26.0
27.0
27.0
24.0
25.0
23.0
21.0
20.0
18.7
17.3
16.0
9.0
6.0
6.0
5.0
5.0
5.0
5.0
5.0
6.0
6.0
10.0
11.0
12.0
15.0
17.0
20.0
21.0
21.0
17.5
16.1
14.7
13.4
12.0
10.7
9.3
8.0
7.0
6.1
5.2
4.4
3.5
5.0
7.0
11.0
13.0
18.0
21.0
24.0
24.0
24.0
24.0
23.0
21.0
19.0
18.0
17.0
16.0
15.0
14.0
13.0
12.0
11.0
10.0
10.0
5.5
7.0
11.0
13.0
16.0
19.0
20.3
23.0
25.0
26.0
26.0
25.0
24.0
22.0
19.0
18.0
16.0
15.0
15.0
14.0
13.0
12.0
11.0
10.0
8.5
8.0
11.0
12.0
16.0
20.0
22.0
24.0
26.0
27.0
27.0
26.0
23.0
19.0
17.0
13.0
13.0
13.0
12.0
11.0
10.0
9.0
8.5
8.0
6.6
7.0
8.0
10.0
13.0
16.0
18.9
21.4
24.0
24.0
25.0
24.0
24.0
21.0
19.0
17.0
16.0
15.0
14.0
13.0
11.0
9.0
9.0
8.0
8.0
8.0
9.0
10.0
13.0
16.0
18.3
19.0
24.0
24.0
25.0
24.0
23.0
21.0
19.0
18.0
15.0
15.0
15.0
14.0
13.0
12.0
10.0
9.0
9.0
9.0
10.0
13.0
16.0
20.0
22.0
23.0
26.0
26.0
26.0
25.0
23.0
21.0
20.0
18.0
18.0
17.0
15.0
15.0
15.0
13.0
12.0
11.0
10.0
9.0
12.0
13.0
16.0
20.0
22.0
24.0
25.0
27.0
27.0
25.0
21.5
20.0
19.1
18.1
17.1
16.0
14.9
13.8
13.0
12.2
11.5
10.9
10.3
12.0
14.0
14.0
16.0
18.2
20.4
21.0
23.0
25.0
26.0
23.3
20.7
22.0
21.0
20.0
18.0
17.0
13.6
13.1
12.6
12.0
11.5
11.0
5.8
8.0
10.0
14.0
18.0
19.0
20.2
24.0
26.0
26.0
26.0
26.0
22.0
23.0
22.0
21.0
21.0
20.0
16.9
18.0
17.0
16.0
15.0
15.0
9.6
12.0
12.0
13.0
17.0
19.0
21.5
24.0
25.0
25.0
24.0
23.0
21.2
20.0
19.0
19.0
17.0
17.0
16.0
15.0
15.0
14.0
13.2
12.4
11.6
10.0
12.0
14.0
16.0
17.0
23.1
22.7
22.3
21.8
21.4
21.0
20.4
19.1
17.8
16.4
15.1
13.8
12.5
11.7
10.9
10.0
9.2
8.4
7.6
8.0
4.0
11.0
16.0
19.0
20.8
22.0
22.0
22.0
22.0
22.0
20.4
19.0
18.3
17.7
17.0
17.0
15.8
16.0
15.0
15.0
15.0
14.0
13.8
15.0
14.0
13.0
12.0
13.0
15.8
18.0
17.0
18.0
19.0
20.0
18.6
17.0
17.0
16.5
16.0
15.0
14.4
15.0
14.0
14.0
14.0
14.0
12.4
13.0
13.0
16.0
18.0
19.9
21.8
21.0
22.0
22.0
24.0
22.0
21.5
21.0
18.0
17.0
15.0
14.0
11.8
12.0
10.0
8.0
8.0
6.0
6.0
6.0
8.0
11.0
15.0
18.0
20.4
20.8
21.3
21.7
22.1
22.6
23.0
20.0
19.0
17.0
16.3
15.7
15.0
13.0
13.0
12.0
10.5
9.0
7.3
7.0
9.0
12.0
17.0
19.0
23.3
22.0
22.0
24.0
24.0
22.0
22.5
20.0
19.0
18.2
17.5
16.7
16.0
16.0
15.0
13.0
12.0
11.0
10.0
10.0
11.0
15.0
18.0
19.0
23.0
25.0
26.0
25.0
25.0
24.0
22.8
21.0
20.0
19.0
18.0
16.0
16.0
15.0
14.0
13.0
11.0
10.0
8.2
9.0
10.0
14.0
16.0
22.0
24.4
24.0
26.0
25.0
25.0
25.0
23.6
21.0
20.0
19.0
17.0
16.0
15.4
14.0
13.0
12.0
12.0
11.0
9.8
8.0
12.0
14.0
18.0
20.0
23.1
24.0
25.0
24.0
24.0
23.4
22.8
22.0
20.0
20.0
18.0
16.0
16.6
16.0
14.0
14.0
13.0
10.0
9.0
10.0
11.0
14.0
17.0
20.0
22.3
24.0
23.0
22.0
20.0
21.0
19.8
16.0
15.0
15.0
14.0
14.0
13.2
13.0
11.0
10.0
10.0
10.0
8.2
8.0
9.0
13.0
17.0
19.0
21.2
23.0
23.0
24.0
23.0
22.0
21.1
17.0
16.0
16.0
15.0
14.0
14.0
13.0
12.0
12.0
12.0
10.0
9.3
11.0
13.0
14.0
16.0
19.0
21.4
24.0
24.0
23.0
17.0
18.0
19.1
17.7
16.4
15.0
15.0
15.0
15.0
13.0
12.0
11.0
9.0
7.0
6.6
8.0
9.0
12.4
15.8
19.2
22.6
22.9
23.2
23.5
23.7
24.0
24.3
22.8
21.3
19.8
18.4
16.9
15.4
14.0
12.5
11.1
9.7
8.2
6.8
9.5
12.2
14.8
17.5
20.2
22.9
23.0
23.2
23.3
23.5
23.7
23.8
22.5
21.1
19.8
18.5
17.1
15.8
14.5
13.2
11.9
10.6
9.3
8.0
9.0
10.0
13.0
18.0
21.0
23.0
24.5
26.0
25.0
25.0
24.0
22.1
22.0
21.0
20.0
20.0
19.0
18.6
18.0
17.0
16.0
15.0
12.0
11.6
12.0
14.0
18.0
21.0
22.0
23.1
24.0
25.0
26.0
25.0
23.0
21.8
20.0
19.0
19.0
18.0
16.8
15.6
14.7
13.9
13.0
13.0
11.0
9.2
10.0
13.0
13.0
14.0
16.0
18.8
21.0
23.0
22.0
21.0
20.0
19.0
17.0
16.0
15.0
15.0
14.0
13.9
15.0
14.0
13.0
12.0
12.0
11.0
11.0
14.0
16.0
19.0
21.0
22.4
22.0
19.0
21.0
21.0
21.0
20.6
18.0
15.0
16.0
16.0
15.0
13.4
12.8
12.2
11.6
11.0
11.0
10.0
9.0
14.0
18.0
19.0
21.0
22.0
23.0
25.0
25.0
22.0
21.0
20.2
19.5
18.7
18.0
17.0
16.0
15.4
15.0
14.0
14.0
13.0
12.0
9.0
10.0
14.0
17.0
18.7
20.3
22.0
23.7
25.3
27.0
25.7
24.5
23.2
21.6
20.1
18.5
16.9
15.4
13.8
12.8
11.7
10.7
9.7
8.6
7.6
8.0
10.0
14.0
17.1
20.3
23.4
23.3
23.2
23.1
23.1
23.0
22.9
21.5
20.1
18.7
17.4
16.0
14.6
13.8
13.0
12.2
11.4
10.6
9.8
12.4
15.0
16.0
22.0
23.2
24.5
24.6
24.7
24.8
24.9
25.0
25.1
23.4
21.8
20.2
18.5
16.8
15.2
14.2
13.1
12.1
11.0
10.0
8.0
11.0
14.0
17.0
20.0
23.0
26.0
26.2
26.5
26.7
26.9
27.2
27.4
25.3
23.2
21.1
19.1
17.0
14.9
14.3
13.7
13.0
12.4
11.8
11.2
13.9
16.5
19.2
21.9
24.5
27.2
27.1
27.1
27.1
27.0
27.0
25.4
23.8
22.2
20.6
19.0
17.0
16.6
15.4
14.3
13.1
12.0
12.0
10.0
12.8
15.5
18.3
21.1
23.8
26.6
26.7
26.9
27.0
27.1
27.3
27.4
25.6
23.7
21.9
20.1
18.2
16.4
15.0
14.0
13.3
12.5
11.8
11.1
11.0
13.0
19.0
20.0
24.0
26.7
26.8
26.8
26.9
26.9
27.0
25.4
23.0
22.0
21.0
20.0
19.0
17.8
16.6
15.4
14.2
13.0
13.0
12.2
14.0
16.0
18.0
21.0
25.0
27.8
28.0
30.0
28.5
27.0
26.0
25.8
23.0
22.0
22.0
20.0
19.0
17.3
17.0
16.0
14.8
15.0
14.0
13.0
15.0
16.0
18.0
22.0
25.0
25.4
28.0
29.0
28.3
27.7
27.0
24.8
24.0
23.0
22.0
20.9
19.8
18.4
16.9
15.4
14.0
12.7
11.7
10.7
12.0
16.0
19.0
20.0
22.0
25.5
25.6
25.7
25.9
26.0
25.1
24.3
24.0
23.0
22.0
21.0
20.0
19.0
18.0
17.0
15.0
12.0
12.0
13.0
13.0
17.0
19.0
22.0
18.3
14.7
26.0
26.0
27.0
27.0
27.0
27.0
25.5
24.0
22.4
21.4
20.3
19.3
18.7
18.2
16.6
14.6
14.0
12.0
12.0
13.0
17.0
19.0
22.0
23.7
25.0
26.0
27.0
27.0
25.0
22.5
22.0
22.0
20.0
19.0
18.0
17.0
17.0
17.0
16.0
15.0
14.0
10.5
13.0
17.0
18.0
21.0
24.0
24.0
24.0
24.0
24.0
21.0
19.0
18.4
19.0
18.0
17.0
16.0
16.0
15.0
15.0
15.0
15.0
15.0
15.0
14.0
15.0
17.0
18.0
22.0
24.0
25.4
25.6
25.8
26.0
27.0
27.0
26.5
24.3
23.8
21.4
20.4
19.9
18.9
18.5
17.0
16.0
16.0
15.0
14.0
15.0
18.0
19.0
22.0
24.1
25.6
26.4
27.0
26.4
26.2
24.2
22.0
18.0
19.0
16.0
16.0
16.0
16.0
16.0
14.0
11.0
12.0
12.0
12.0
11.0
12.0
15.0
18.0
21.0
23.7
26.0
28.0
27.5
27.0
24.0
21.0
19.0
16.0
16.0
16.0
16.0
14.0
14.0
14.0
14.0
12.5
11.0
11.0
11.0
13.0
14.0
17.0
20.0
23.5
25.0
24.0
26.0
25.0
23.0
22.8
23.0
20.0
17.0
16.0
16.0
16.0
16.0
13.0
13.0
13.0
13.0
13.0
13.0
16.0
17.0
20.0
23.0
25.7
26.0
28.0
27.0
26.0
24.0
21.4
19.0
17.0
15.0
13.0
13.0
11.0
12.0
12.0
11.0
10.0
9.0
10.0
13.0
15.0
17.0
18.0
21.0
23.0
25.0
25.5
26.0
24.0
21.0
22.5
20.0
18.0
18.0
17.0
16.0
15.0
15.0
14.0
12.0
11.0
11.0
12.0
14.0
14.0
15.0
17.0
18.0
19.0
21.0
21.0
23.0
22.0
20.0
17.7
17.0
16.0
15.0
14.0
13.0
12.0
12.0
12.0
12.0
11.0
11.0
11.0
10.0
12.0
13.0
16.0
19.0
22.2
23.0
23.0
22.0
20.0
20.0
20.0
19.0
15.0
17.0
17.0
17.0
16.0
16.0
15.5
15.0
15.0
13.0
11.0
13.0
16.0
18.0
21.0
22.0
25.2
25.0
25.0
22.0
17.0
20.0
20.0
18.0
15.0
15.0
15.0
14.0
13.0
12.0
12.0
12.0
11.0
11.0
11.0
12.0
13.0
15.0
19.0
21.0
23.8
25.0
26.0
25.0
22.0
24.0
24.0
22.0
20.0
19.0
18.0
16.0
16.0
15.0
15.0
13.0
14.0
13.0
12.0
12.0
14.0
18.0
19.0
20.0
23.0
24.0
25.0
24.7
24.5
24.2
24.0
21.0
20.0
17.0
17.0
16.0
15.0
14.0
13.0
13.0
13.0
13.0
13.0
14.0
17.0
18.0
21.0
23.0
24.0
23.0
24.0
21.0
20.5
20.0
19.0
17.0
15.0
15.0
14.0
13.0
13.0
11.0
12.0
12.0
12.0
10.0
9.0
9.0
14.0
18.0
19.0
22.0
23.2
24.5
25.7
27.0
27.5
28.0
26.0
23.0
22.0
21.0
20.0
20.0
19.5
19.0
17.0
17.0
15.0
14.0
12.0
13.0
14.0
16.0
20.0
21.5
23.0
25.0
26.0
27.0
27.0
26.0
22.0
16.0
15.0
15.0
14.7
14.3
14.0
15.0
13.5
12.0
13.0
13.0
13.0
12.0
15.0
18.0
21.0
24.0
24.0
26.0
28.0
24.0
25.0
23.0
22.7
19.0
16.0
17.0
17.0
16.0
16.0
16.0
15.0
14.0
14.0
14.0
13.0
12.0
15.0
18.0
20.0
20.0
23.0
23.0
24.5
26.0
25.0
25.0
19.4
19.0
19.0
18.0
18.0
17.0
16.0
16.0
15.5
15.0
13.0
13.0
11.8
13.0
13.0
16.0
18.0
21.0
22.0
24.0
26.0
24.0
25.0
24.0
24.0
22.0
19.0
18.0
17.0
16.0
16.0
15.0
15.0
13.0
13.0
12.0
11.0
13.0
14.0
14.0
15.0
17.0
18.0
19.0
21.0
21.0
22.0
23.0
21.5
20.0
20.0
19.0
19.0
17.0
16.0
16.0
14.0
14.0
14.0
13.0
12.7
15.0
18.0
19.0
21.0
21.0
24.0
23.0
22.0
21.0
20.0
20.0
20.0
20.0
20.0
19.0
19.0
18.5
18.0
18.0
17.0
17.0
17.0
15.0
13.5
16.0
17.0
17.0
18.0
20.0
22.0
23.0
24.0
21.0
18.0
19.0
17.0
16.0
15.0
15.0
15.0
13.0
13.0
13.0
14.0
14.0
14.0
14.0
12.5
14.0
16.0
16.0
18.0
22.0
23.0
21.0
17.0
17.0
17.0
17.0
15.0
14.0
14.0
15.0
14.0
14.0
14.0
14.0
15.0
15.0
15.0
14.5
14.0
16.0
16.0
17.0
18.0
21.0
24.0
24.0
25.0
19.0
22.0
21.0
21.2
22.0
21.0
19.0
18.0
18.0
17.0
17.0
16.0
16.0
15.0
15.0
15.0
15.0
16.0
18.0
20.0
21.0
22.5
24.0
25.0
25.0
26.0
26.0
25.0
24.0
22.0
21.0
18.0
17.0
19.0
17.0
16.0
15.0
14.5
14.0
14.0
13.0
16.0
18.0
21.0
24.0
25.1
26.6
27.4
26.2
26.6
25.9
25.2
24.0
24.0
24.0
23.0
21.0
20.0
19.0
18.0
18.0
17.0
17.0
17.0
17.0
19.0
20.0
22.0
24.0
25.0
27.0
28.0
26.0
26.0
25.0
25.0
24.0
22.0
21.0
22.0
21.0
21.0
20.0
19.0
18.0
17.0
17.0
12.0
14.0
21.0
22.0
25.0
27.0
27.0
27.0
28.0
24.0
25.0
25.0
23.0
22.4
21.4
20.4
19.6
19.1
18.8
18.6
18.2
17.7
17.1
16.4
15.8
16.0
17.0
18.0
20.0
22.0
24.0
27.0
28.0
27.0
25.0
26.0
26.0
25.0
23.0
21.0
19.0
19.0
18.0
18.0
17.0
17.0
14.0
13.0
12.0
14.0
15.0
18.0
21.0
24.0
26.0
28.0
28.0
28.0
27.0
23.0
24.0
24.0
21.0
18.0
18.0
18.0
18.0
16.0
16.0
14.0
13.0
13.0
13.0
13.0
17.0
19.0
21.0
23.5
26.0
28.0
29.0
28.0
27.0
27.0
26.0
23.0
22.0
22.0
21.0
21.0
17.0
19.0
18.0
17.0
17.0
17.0
16.0
16.0
18.0
18.0
19.0
22.0
23.5
25.0
25.0
26.0
26.0
25.0
25.0
22.0
20.5
19.0
18.0
18.0
18.0
16.0
16.0
14.0
14.0
13.0
12.0
14.0
16.0
17.0
19.0
22.0
24.0
24.0
25.5
27.0
16.0
17.0
16.0
15.0
17.0
16.0
14.0
13.0
14.0
13.0
12.0
12.0
12.0
10.5
9.0
10.0
14.0
15.0
17.0
20.0
22.0
24.0
26.0
26.0
26.0
24.0
22.0
22.0
22.0
18.0
17.0
16.0
16.0
16.0
14.0
13.0
12.0
13.0
12.0
10.0
13.0
17.0
19.0
24.0
25.0
26.0
27.0
28.0
29.0
28.0
27.0
26.0
23.5
21.0
20.0
20.0
19.0
17.0
16.0
12.0
12.0
11.0
11.0
12.0
16.0
18.0
21.0
22.0
25.0
27.0
29.0
30.0
30.0
29.0
29.0
26.0
24.0
23.0
21.0
19.0
19.0
19.0
18.0
16.0
16.0
16.0
14.0
17.0
18.0
18.0
21.0
23.0
25.0
28.0
28.0
29.0
30.0
28.0
26.0
24.0
23.0
23.0
23.0
21.0
19.0
19.0
18.0
18.0
17.0
17.0
16.0
17.0
18.0
19.0
21.0
22.0
23.0
25.0
27.0
27.0
27.0
25.0
20.0
16.0
16.0
16.0
16.0
15.0
14.0
13.0
13.0
14.0
12.0
11.0
12.0
13.0
16.0
16.0
18.0
21.0
22.0
24.0
23.0
23.0
22.0
21.0
21.0
21.0
18.0
18.0
17.0
17.0
15.0
14.0
14.0
14.0
14.0
13.0
13.0
13.0
16.0
16.0
18.0
20.0
22.0
24.0
24.0
17.0
19.0
19.0
17.0
17.0
17.0
16.0
16.0
16.0
16.0
16.0
14.0
13.0
14.0
14.0
14.0
14.0
17.0
17.0
19.0
21.0
22.0
23.0
24.0
23.0
22.0
21.0
19.0
15.0
16.0
16.0
16.0
16.0
14.0
14.0
14.0
14.0
14.0
13.0
13.0
12.0
16.0
18.0
19.0
22.0
23.0
23.0
24.0
24.0
22.0
21.0
21.0
18.0
18.0
17.0
14.0
14.0
14.0
14.0
14.0
14.0
14.0
13.0
11.0
14.0
16.0
16.0
18.0
21.0
22.0
23.0
23.0
23.0
23.0
23.0
23.0
21.0
20.0
19.0
17.0
16.0
16.0
16.0
15.0
14.5
14.0
13.0
14.0
11.0
14.0
17.0
17.0
20.0
21.0
23.0
23.0
23.0
23.0
19.0
21.0
20.0
18.0
17.0
17.0
16.0
16.0
16.0
15.0
13.0
13.0
13.0
12.0
11.0
15.0
18.0
19.0
22.0
23.0
24.0
24.0
23.0
24.0
22.0
20.0
18.0
19.0
18.0
18.0
19.0
18.0
17.0
16.0
16.0
16.0
15.0
14.0
12.0
15.0
18.0
21.0
23.0
24.0
24.5
25.0
26.0
24.0
26.0
25.0
22.0
21.0
17.0
16.0
17.0
14.0
13.0
14.0
13.0
14.0
14.0
13.0
14.0
15.0
16.0
16.0
16.0
18.0
19.0
21.0
23.0
23.0
23.0
21.0
20.0
20.0
18.0
16.0
15.0
13.0
13.0
14.0
13.0
12.0
13.0
14.0
13.0
14.0
16.0
18.0
19.0
22.0
23.0
24.0
26.0
24.0
23.0
22.0
21.0
19.0
16.0
14.0
14.0
14.0
13.0
13.0
13.0
13.0
12.0
11.0
13.0
15.0
15.0
18.0
20.0
22.0
24.0
24.0
24.0
25.0
22.0
21.0
21.0
16.0
17.0
17.0
17.0
16.0
16.0
16.0
14.0
13.0
12.0
11.0
12.0
14.0
17.0
17.0
18.0
21.0
22.0
24.0
25.0
25.0
24.0
24.0
22.0
20.0
19.0
17.0
16.0
16.0
14.0
13.0
13.0
12.0
11.0
11.0
12.0
12.0
16.0
16.0
18.0
21.0
23.0
25.0
26.0
27.0
27.0
26.0
23.0
20.0
18.0
17.0
17.0
17.0
14.0
12.0
13.0
11.0
11.0
11.0
13.0
13.0
16.0
18.0
20.0
22.0
23.0
24.0
26.0
26.0
26.0
26.0
23.0
20.0
19.5
19.0
19.0
19.0
18.0
17.0
15.0
14.0
13.0
13.0
13.0
17.0
18.0
21.0
23.0
25.0
26.0
27.0
28.0
29.0
27.0
26.0
24.0
23.0
22.0
22.0
21.0
21.0
20.0
19.0
17.0
17.0
15.5
14.0
16.0
18.0
19.0
22.0
23.0
26.0
27.0
28.0
29.0
29.0
28.0
24.0
22.0
20.5
19.0
19.0
19.0
19.0
17.0
18.0
16.0
16.0
16.0
14.0
14.0
18.0
18.0
21.0
23.0
24.0
26.0
25.0
25.0
24.0
25.0
22.0
22.0
21.0
21.0
21.0
20.0
19.0
17.0
18.0
18.0
18.0
17.0
16.0
16.0
18.0
19.0
20.0
22.0
23.0
25.0
27.0
27.0
27.0
27.0
26.0
22.0
21.0
20.0
19.0
19.0
18.0
17.0
17.0
16.0
16.0
15.0
9.0
15.0
16.0
18.0
19.0
22.0
24.0
26.0
28.0
28.0
28.0
28.0
27.0
26.0
22.0
21.0
20.0
19.0
19.0
17.0
16.5
16.0
14.0
12.0
12.0
14.0
16.0
17.0
19.0
22.0
24.0
26.0
28.0
28.0
29.0
29.0
27.0
24.0
21.0
20.0
19.0
17.0
17.0
16.0
16.0
16.0
16.0
15.0
15.0
16.0
17.0
18.0
19.0
21.0
22.0
24.0
25.0
25.0
26.0
27.0
26.0
22.9
21.4
19.9
18.9
18.3
18.2
18.1
17.9
17.3
16.5
15.6
14.8
14.0
16.0
19.0
23.0
25.0
27.0
27.0
29.0
30.0
30.0
27.0
24.0
21.0
20.0
19.0
19.0
19.0
18.0
17.0
17.0
17.0
17.0
17.0
16.0
17.0
19.0
20.0
22.0
26.0
25.0
27.0
27.0
26.0
27.0
27.0
25.0
24.0
23.0
22.0
22.0
21.0
19.0
18.0
17.0
16.0
15.0
14.0
14.0
14.0
17.0
18.0
20.0
21.0
24.0
24.0
26.0
26.0
25.0
26.0
19.0
20.0
21.0
19.0
19.0
18.0
17.0
18.0
18.0
17.0
16.0
16.0
14.0
16.0
17.0
19.0
20.0
22.0
22.0
23.0
26.0
26.0
27.0
23.0
17.0
16.0
15.0
16.0
16.0
15.0
15.0
15.0
16.0
16.0
15.0
15.0
15.0
16.0
17.0
17.0
19.0
21.0
21.0
23.0
25.0
27.0
25.0
23.0
21.0
21.0
17.0
17.0
17.0
17.0
17.0
17.0
16.0
16.0
14.0
13.0
13.0
14.0
16.0
19.0
20.0
22.0
23.0
25.0
27.0
26.0
27.0
27.0
25.0
20.0
20.0
20.0
19.0
19.0
18.0
17.0
17.0
16.0
15.0
14.0
15.0
15.0
15.0
20.0
20.0
22.0
23.0
24.0
26.0
26.0
27.0
27.0
24.0
23.0
21.5
20.0
19.1
18.7
17.8
16.9
17.0
16.3
15.7
15.3
16.4
16.0
17.0
19.0
21.0
23.0
23.0
24.0
26.0
27.0
27.0
25.0
23.0
21.0
20.0
19.0
18.0
17.0
16.0
15.0
15.0
14.5
14.0
14.0
15.0
14.0
15.0
18.0
19.0
21.0
23.0
24.0
25.0
27.0
26.0
26.0
23.0
21.0
20.0
19.0
18.0
17.0
17.0
15.0
14.0
13.0
13.0
12.5
12.0
13.0
17.0
18.0
20.0
21.0
24.0
24.0
25.0
25.0
26.0
23.0
23.0
22.0
20.0
19.0
18.0
18.0
17.0
16.0
16.0
16.0
15.0
15.0
15.0
15.0
16.0
16.0
19.0
20.0
21.0
20.0
20.0
22.0
23.0
22.0
21.0
20.0
19.0
16.0
15.0
15.0
15.0
15.0
14.0
14.0
14.0
13.0
12.0
15.0
16.0
19.0
20.0
21.0
21.0
23.0
25.0
24.0
23.0
24.0
23.0
22.0
21.0
19.0
17.0
17.0
16.0
16.0
15.0
14.5
14.0
14.0
14.0
15.0
16.0
16.0
19.0
21.0
22.0
24.0
26.0
24.0
24.0
22.5
21.0
20.0
19.0
18.0
18.0
19.0
18.0
17.0
17.0
17.0
16.0
15.0
15.0
16.0
18.0
20.0
22.0
22.5
23.0
26.0
24.0
27.0
20.0
24.0
22.0
20.0
20.0
19.0
19.0
19.0
17.0
17.0
17.0
16.3
15.7
15.0
15.0
15.0
17.0
18.0
19.0
21.0
23.0
25.0
25.0
25.5
26.0
27.0
22.0
20.0
19.0
18.0
18.0
18.0
17.0
16.0
15.0
15.0
15.0
14.0
12.0
15.0
17.0
19.0
20.0
21.0
22.0
24.0
26.0
27.0
27.0
26.0
24.0
22.0
21.0
20.0
19.0
18.0
17.0
17.0
16.0
16.0
15.0
15.0
14.0
15.0
16.5
18.0
20.0
21.0
23.0
25.0
26.0
25.0
20.0
22.0
21.0
21.0
20.0
18.0
18.0
17.0
17.0
17.0
16.0
16.0
15.0
14.0
13.0
14.0
16.0
17.0
18.0
20.0
22.0
23.0
24.0
23.0
24.0
22.6
21.2
19.8
18.4
17.0
16.0
16.0
15.0
15.0
15.0
14.0
14.0
13.0
13.0
14.0
15.0
15.0
17.0
19.0
21.0
22.0
23.0
24.0
23.0
22.0
21.0
21.0
20.0
19.0
18.0
17.0
17.0
17.0
17.0
16.0
16.0
16.0
15.0
15.0
16.0
17.0
18.0
19.0
20.0
19.0
16.0
15.0
18.0
20.0
18.0
15.0
14.3
13.7
13.0
16.0
16.0
16.0
15.0
15.0
15.0
15.0
15.0
15.0
16.0
18.0
19.0
20.0
22.0
23.0
23.0
24.0
22.0
17.0
15.0
15.0
15.0
15.0
15.0
15.0
15.0
15.0
15.0
14.0
14.0
14.0
14.0
15.0
16.0
16.0
18.0
19.0
20.0
22.0
22.0
19.0
19.0
19.0
19.0
18.0
18.0
18.0
18.0
18.0
17.0
17.0
17.0
16.0
16.0
16.0
15.0
17.0
18.0
19.0
20.0
21.0
22.0
23.0
23.0
20.0
19.0
16.0
16.0
16.0
15.0
15.0
16.0
16.0
16.0
16.0
16.0
16.0
15.0
15.0
16.0
15.0
15.0
15.0
15.0
17.0
19.0
20.0
21.0
23.0
20.0
19.0
18.0
18.0
18.0
18.0
18.0
17.0
16.0
16.0
16.0
16.0
16.0
16.0
16.0
16.0
17.0
17.0
17.0
18.0
19.0
20.0
21.0
19.5
18.0
18.0
18.0
15.0
15.0
18.0
16.0
15.0
14.0
14.0
13.0
13.0
13.0
13.0
13.0
13.0
14.0
16.0
17.0
19.0
20.0
21.0
21.0
21.0
21.0
21.0
16.0
16.0
18.0
17.0
18.0
17.0
17.0
17.0
16.0
16.0
16.0
15.0
16.0
16.0
16.0
19.0
20.0
22.0
23.0
24.0
25.0
26.0
25.0
22.0
18.0
17.0
17.0
16.0
16.0
15.0
15.0
15.0
15.0
15.0
15.0
15.0
15.0
15.0
16.0
18.0
19.0
20.0
21.0
22.0
24.0
23.0
17.0
20.0
21.0
21.0
19.0
19.0
18.0
17.0
16.5
16.0
15.0
15.0
15.0
14.0
12.0
13.0
13.0
16.0
16.0
17.0
20.0
21.0
22.0
25.0
19.0
16.0
15.0
15.0
14.0
15.0
15.0
14.0
14.0
14.0
14.0
14.0
13.0
13.0
13.0
14.5
16.0
17.0
17.0
18.0
19.0
20.0
20.0
22.0
21.0
20.0
19.0
16.7
16.3
16.0
15.8
15.7
15.6
15.4
15.2
14.9
14.6
14.3
14.0
14.0
15.0
15.0
17.0
18.0
19.0
18.0
19.0
20.0
18.0
17.0
16.0
15.0
15.0
15.0
14.0
14.0
15.0
15.0
14.0
14.0
14.0
13.0
14.0
15.0
16.0
14.8
19.0
20.0
21.0
21.0
20.5
20.0
22.0
21.0
15.0
16.0
16.0
15.0
15.0
15.0
15.0
15.0
15.0
15.0
15.0
15.0
14.2
15.0
16.0
16.0
17.0
18.0
17.9
17.0
15.0
15.0
15.0
15.0
17.0
16.0
16.0
16.0
16.0
16.0
16.0
16.0
15.0
15.0
15.0
15.0
15.0
15.0
15.0
15.0
15.0
16.0
18.0
21.0
20.5
20.0
20.0
20.0
18.0
17.0
17.0
16.0
15.5
15.0
15.0
15.0
15.0
15.0
15.0
15.0
15.0
15.0
15.0
15.0
16.0
18.0
20.0
21.0
21.0
14.0
15.0
15.0
16.0
15.0
15.0
15.0
16.0
16.0
16.0
15.0
15.0
15.0
15.0
15.0
15.0
15.0
15.0
17.0
17.0
19.0
19.0
21.0
23.0
24.0
23.0
22.0
20.0
18.0
16.0
16.0
16.0
16.0
16.0
16.0
16.0
16.0
14.0
14.0
14.0
14.0
16.0
16.0
18.0
20.0
21.0
22.0
19.0
20.0
20.0
20.0
19.0
19.0
19.0
18.0
17.0
16.0
16.0
16.0
16.0
15.0
14.0
14.0
13.9
15.0
16.0
17.0
19.0
20.0
21.2
24.0
23.0
23.0
22.0
18.0
18.0
18.0
17.5
17.0
17.0
16.0
16.0
16.0
15.0
15.0
15.0
15.0
15.0
15.0
16.0
17.0
19.0
21.0
22.0
24.0
23.0
22.0
22.0
15.0
16.0
17.0
16.0
15.0
15.0
15.0
14.0
14.0
14.0
14.0
15.0
14.0
13.0
14.0
16.0
16.0
18.0
20.0
20.9
22.0
17.0
23.3
24.0
23.0
20.0
18.0
16.0
16.0
16.0
16.0
15.2
16.0
16.0
15.0
15.0
15.0
14.0
15.0
16.0
17.0
19.0
20.0
21.2
21.0
20.3
20.0
19.6
19.0
19.0
19.0
18.5
18.0
17.0
17.0
16.0
15.0
14.0
14.0
14.0
14.0
15.6
14.0
15.0
15.6
18.0
20.0
22.0
23.0
23.5
24.0
22.0
18.0
19.0
19.0
18.0
17.0
17.0
17.0
16.0
16.0
14.0
14.0
14.0
14.0
14.0
15.0
15.0
18.0
18.0
20.0
22.0
22.0
23.0
24.0
25.0
21.0
17.0
16.0
15.0
16.0
16.0
16.0
16.0
15.0
15.0
15.0
15.0
15.0
15.0
15.0
16.0
17.0
19.0
21.0
21.0
23.0
23.0
23.0
19.0
18.0
15.0
15.0
15.0
15.0
15.0
15.0
15.0
15.0
15.0
15.0
14.0
14.0
14.0
15.0
16.0
17.0
19.0
20.0
22.0
24.0
24.0
24.0
23.0
23.0
21.0
19.0
18.0
17.0
16.0
16.0
16.0
15.0
14.0
14.0
14.0
14.0
12.6
14.0
15.0
16.0
18.0
20.0
21.0
23.0
24.0
25.0
24.0
24.0
21.0
20.0
19.0
18.0
18.0
17.0
17.0
16.0
16.0
16.0
15.0
15.0
14.0
15.0
16.0
15.9
18.0
20.0
22.0
22.0
23.0
26.0
25.0
25.0
23.0
21.0
19.0
19.0
18.0
18.0
17.0
16.0
16.0
15.0
15.0
15.0
14.0
14.0
15.0
16.0
17.0
19.0
22.0
23.0
24.0
25.0
24.0
24.0
16.0
16.0
16.5
17.0
17.0
17.0
16.0
16.0
16.0
16.0
15.0
14.0
14.0
14.0
15.0
17.0
19.0
22.0
23.0
24.0
25.0
25.0
24.0
23.0
22.0
19.0
18.0
17.0
16.0
16.0
16.0
16.0
16.0
16.0
15.0
15.0
15.0
15.0
17.0
18.0
20.0
22.0
22.0
23.0
25.0
25.0
21.0
17.0
16.0
15.0
14.0
16.0
16.0
16.0
16.0
16.0
16.0
16.0
16.0
15.0
15.0
15.0
16.0
16.0
17.0
19.0
21.0
22.0
23.0
24.0
23.0
20.7
18.3
16.0
16.0
15.0
15.0
15.0
15.0
15.0
15.0
14.0
14.0
14.0
14.0
14.0
15.0
16.0
18.0
18.0
19.5
22.0
22.0
24.0
25.0
22.0
18.0
17.0
16.0
17.0
16.5
16.0
16.0
16.0
16.0
15.0
15.0
15.0
15.0
15.0
16.0
16.0
17.0
19.0
21.0
21.0
23.0
24.0
21.0
19.0
18.0
18.0
18.0
18.0
18.0
18.0
17.0
17.0
16.5
16.0
15.0
15.0
15.0
15.0
16.0
17.0
17.0
19.0
21.0
21.0
21.0
19.0
18.0
19.0
18.0
18.0
18.0
16.0
15.3
14.7
14.0
14.0
14.0
14.0
14.0
13.5
13.0
14.0
14.0
16.0
18.0
20.0
22.0
22.5
23.0
24.0
25.0
25.0
23.0
21.0
20.0
19.0
18.5
18.0
17.0
17.0
16.0
15.5
15.0
15.0
15.0
16.0
16.0
17.0
19.0
21.0
22.0
23.0
23.0
25.0
25.0
23.5
22.0
17.0
19.0
19.0
18.0
18.0
17.0
17.0
17.0
16.0
16.0
16.0
16.0
15.0
14.0
16.0
19.0
20.0
22.0
23.0
24.0
25.0
25.0
20.0
16.0
15.0
15.0
16.0
15.0
15.0
15.0
15.0
14.0
14.0
13.0
13.0
11.0
13.0
15.0
16.0
16.0
19.0
20.0
22.0
23.0
24.0
23.0
22.0
22.0
21.0
20.0
18.0
18.0
18.0
17.0
16.0
15.0
15.0
14.0
14.0
14.0
14.0
14.0
16.0
18.0
19.5
21.0
23.0
24.0
24.0
25.0
25.0
25.0
21.0
21.0
20.0
19.0
18.0
17.0
16.0
16.0
15.0
14.0
14.0
13.0
14.0
14.0
15.0
19.0
20.0
21.0
23.0
24.0
25.0
25.0
23.0
21.0
20.0
19.0
18.0
17.0
16.0
15.0
15.0
14.5
14.0
13.0
13.0
12.0
12.0
14.0
16.0
18.0
20.0
22.0
23.0
24.0
25.0
25.0
25.0
24.0
21.9
20.6
19.3
18.1
17.0
16.1
15.4
14.9
14.3
13.8
13.2
12.6
12.0
14.0
16.0
16.0
18.0
19.0
21.0
22.0
23.0
21.0
20.0
18.0
15.0
15.0
14.0
15.0
15.0
15.0
14.0
14.0
14.0
13.0
13.0
13.0
12.0
13.0
15.0
17.0
19.0
20.0
21.0
23.0
22.0
20.0
18.0
19.0
19.0
18.0
18.0
17.0
17.0
16.0
16.0
15.0
15.0
15.0
15.0
14.0
14.0
16.0
16.0
17.0
19.0
21.0
22.0
25.0
25.0
25.0
21.0
16.0
17.0
16.0
14.0
12.0
13.0
13.0
13.0
13.0
13.0
13.0
13.0
12.0
12.0
14.0
16.0
17.0
20.0
21.0
23.0
23.0
24.0
24.0
16.0
20.0
19.0
17.0
16.5
16.0
15.0
15.0
15.0
14.0
13.0
13.0
13.0
12.0
12.0
14.0
16.0
17.0
20.0
21.0
23.0
24.0
24.0
25.0
23.0
19.0
18.3
17.7
17.0
17.0
17.0
16.0
16.0
15.0
14.0
14.0
13.5
13.0
13.0
16.0
16.0
18.0
19.0
22.0
22.0
21.0
20.0
19.0
16.0
16.0
15.0
15.0
15.0
15.0
15.0
15.0
14.0
14.0
14.0
14.0
13.0
13.0
13.0
14.0
15.0
16.0
18.0
20.0
22.0
24.0
25.0
26.0
26.0
24.0
22.0
20.0
19.0
18.0
17.5
17.0
17.0
16.0
16.0
16.0
15.0
14.0
14.0
16.0
16.0
18.0
20.0
21.0
22.0
23.0
24.0
24.0
24.0
23.0
21.0
19.0
18.0
17.0
15.0
15.0
14.0
14.0
14.0
14.0
14.0
14.0
14.0
15.0
17.0
18.0
18.0
20.0
21.0
21.0
22.0
19.0
16.0
17.0
17.0
17.0
17.0
17.0
15.0
15.0
14.0
14.0
14.0
13.0
13.0
13.0
13.0
14.0
15.0
16.0
18.0
17.5
17.0
17.5
18.0
18.0
16.0
17.0
17.0
17.0
17.0
16.0
15.0
15.0
15.0
15.0
15.0
15.0
14.0
14.0
14.0
15.0
16.0
16.0
17.0
19.0
21.0
23.0
21.0
19.0
18.0
17.0
16.0
16.0
16.0
16.0
15.0
14.0
14.0
14.0
17.0
14.0
13.0
13.0
14.0
14.0
14.0
16.0
18.0
20.0
22.0
24.0
25.0
25.0
25.0
19.0
19.0
19.0
19.0
18.0
17.0
16.0
16.0
16.0
15.0
15.0
15.0
15.0
15.0
15.0
16.0
17.0
19.0
21.0
22.0
23.0
24.0
25.0
23.0
19.0
18.0
18.0
17.0
17.0
16.0
16.0
16.0
15.0
15.0
15.0
14.0
14.0
14.0
15.0
16.0
18.0
19.0
21.0
22.0
24.0
23.0
24.0
24.0
23.0
21.0
19.0
18.0
17.0
16.0
16.0
15.0
15.0
15.0
15.0
15.0
15.0
15.0
16.0
16.0
18.0
20.0
21.0
21.0
22.0
22.0
22.0
20.0
18.0
15.0
14.5
14.0
14.0
14.5
15.0
15.0
14.0
14.0
13.0
13.0
13.0
13.0
14.0
15.0
16.0
17.0
18.0
19.0
18.0
20.0
16.0
16.5
17.0
17.0
16.5
16.0
15.0
15.0
14.0
15.0
14.0
14.0
14.0
14.0
15.0
14.0
15.0
16.0
17.0
19.0
20.0
21.0
21.0
21.0
21.0
18.0
16.0
16.0
16.0
16.0
16.0
16.0
14.0
15.0
15.0
14.0
14.0
14.0
14.0
14.0
15.0
16.0
19.0
18.0
19.0
22.0
23.0
23.0
20.0
17.0
19.0
17.0
17.0
17.0
17.0
16.0
15.0
15.0
14.5
14.0
14.0
14.0
14.0
13.0
14.0
15.0
17.0
19.0
20.0
21.0
23.0
24.0
23.0
23.0
22.0
18.0
15.0
16.0
16.0
15.0
15.0
14.0
14.0
14.0
14.0
14.0
14.0
14.0
16.0
17.0
18.0
19.0
20.0
21.0
24.0
26.0
25.0
22.0
20.0
20.0
20.0
20.0
18.0
17.0
16.0
14.0
14.0
14.0
14.0
14.0
14.0
14.0
15.0
18.0
18.0
19.0
21.0
23.0
24.0
24.5
25.0
25.0
23.0
22.0
20.0
19.0
18.0
17.0
16.0
15.0
15.0
14.0
14.0
13.0
14.0
14.0
15.0
17.0
18.0
20.0
23.0
24.0
24.0
25.0
24.0
23.0
22.0
21.0
19.0
18.0
17.0
17.0
16.0
16.0
16.0
15.0
15.0
15.0
15.0
15.0
16.0
16.0
17.5
19.0
20.0
22.0
23.0
22.0
21.0
20.0
20.0
20.0
18.0
18.0
18.0
17.0
17.0
16.0
15.0
15.0
14.0
14.0
14.0
16.0
16.0
18.0
19.0
21.0
23.0
23.0
23.0
24.0
23.0
22.0
16.0
14.0
14.0
14.0
14.0
14.0
14.0
14.0
14.0
14.0
13.0
13.0
13.0
13.0
15.0
15.0
16.0
19.0
21.0
22.0
22.0
22.0
20.0
19.0
17.0
16.0
16.0
16.0
16.0
16.0
16.0
15.0
15.0
15.0
14.0
14.0
14.0
14.0
14.0
16.0
17.0
19.0
20.0
21.0
22.0
23.0
23.0
24.0
18.0
18.0
17.0
17.0
16.0
15.0
15.0
14.0
14.0
14.0
14.0
13.0
13.0
13.0
14.0
15.0
16.0
18.0
20.0
22.0
22.0
24.0
25.0
24.0
20.5
17.0
19.0
18.0
17.0
17.0
16.0
16.0
15.0
14.0
14.0
14.0
14.0
15.0
16.0
17.0
17.0
20.0
20.0
22.0
24.0
24.0
24.0
23.0
19.0
20.0
20.0
18.0
17.0
17.0
16.0
15.0
15.0
15.0
14.0
14.0
12.0
13.0
14.0
15.0
17.0
17.0
20.0
22.0
24.0
25.0
26.0
26.0
25.0
23.0
21.0
21.0
18.0
17.0
17.0
16.0
15.0
14.0
14.0
13.0
13.0
12.0
14.0
16.0
17.0
19.0
21.0
23.0
23.0
25.0
26.0
24.0
23.0
21.0
20.0
19.0
18.0
17.0
16.0
15.0
15.0
15.0
15.0
14.0
14.0
14.0
16.0
16.0
18.0
19.0
20.0
23.0
24.0
25.0
24.0
19.0
17.0
15.8
16.2
16.5
16.6
16.3
15.8
15.2
14.6
14.3
14.2
14.2
14.2
14.0
15.0
17.0
18.0
19.0
20.6
21.0
21.0
23.0
21.0
19.0
18.2
16.0
12.0
13.0
16.0
16.0
16.0
16.0
15.0
15.0
15.0
15.0
14.8
15.4
16.0
17.0
16.0
18.0
17.5
19.0
15.0
15.0
16.0
17.0
16.2
16.0
16.0
15.0
15.0
15.0
15.0
15.0
14.0
14.0
14.0
14.0
14.0
14.0
16.0
17.0
17.0
19.0
21.4
22.0
21.0
22.0
21.0
19.0
16.4
17.0
16.0
15.0
15.0
16.0
16.0
15.5
15.0
15.0
15.0
15.0
15.0
15.0
16.0
18.0
18.0
18.0
16.7
17.0
19.0
19.0
16.0
16.0
16.4
15.0
15.0
15.0
15.0
15.0
15.0
15.0
15.0
14.0
13.0
13.0
13.0
13.0
13.0
13.0
14.0
14.0
14.8
16.0
16.0
16.0
17.0
16.0
15.0
15.0
14.7
14.3
14.0
14.0
14.0
14.0
14.0
13.0
13.0
13.0
12.6
13.0
13.0
13.0
15.0
17.0
19.0
19.0
20.0
20.0
21.0
20.0
20.2
19.0
19.0
17.5
16.0
16.0
15.0
15.0
15.0
15.0
15.0
13.0
12.6
12.0
14.0
14.0
15.0
16.0
20.0
21.0
23.0
24.0
24.0
24.0
22.0
20.0
18.0
17.0
15.0
15.0
14.0
14.0
14.0
12.0
10.9
9.8
8.7
10.0
12.0
14.0
17.0
20.0
21.4
24.0
25.0
25.0
25.0
24.0
22.2
20.0
19.0
18.0
16.0
15.0
15.0
14.0
13.0
12.0
11.0
10.0
9.9
11.0
12.0
15.0
17.0
19.0
21.0
23.0
23.0
24.0
24.0
23.0
21.0
15.0
14.5
14.0
13.0
12.0
12.0
11.0
11.0
8.0
8.0
7.0
5.0
7.0
8.0
10.0
13.0
17.0
19.0
20.5
22.0
22.0
24.0
23.0
22.0
20.0
18.0
16.0
14.0
14.0
14.0
14.0
12.0
11.0
10.0
8.0
8.0
8.0
11.0
11.0
14.0
16.0
19.0
22.0
22.0
25.0
24.0
22.7
21.5
20.0
19.0
19.0
18.0
17.0
16.0
16.0
15.0
15.0
15.0
14.0
14.0
14.0
15.0
16.0
17.0
20.0
21.0
23.0
24.0
25.0
25.0
24.0
21.0
19.0
18.0
17.0
17.0
16.5
16.0
15.0
15.0
14.0
13.0
12.0
11.6
13.0
14.0
15.0
18.0
19.0
20.0
23.0
24.0
23.0
22.0
20.0
18.3
18.0
17.0
16.0
15.0
15.0
15.0
14.0
14.0
13.0
13.0
13.0
12.2
13.0
15.0
16.0
19.0
20.0
20.4
22.0
22.0
22.5
23.0
22.0
19.9
19.0
17.0
16.0
15.0
14.0
14.0
14.0
14.0
13.0
13.0
12.0
10.9
11.4
12.0
16.0
17.0
19.0
18.9
21.0
21.0
23.0
23.0
22.0
20.4
19.0
18.5
18.0
17.0
17.0
16.5
16.0
15.0
14.0
14.0
14.0
13.0
13.0
15.0
17.0
19.0
21.0
24.3
23.0
21.0
20.5
20.0
20.0
19.0
18.0
18.0
17.0
17.0
17.0
16.0
15.0
15.0
15.0
15.0
14.7
14.4
15.0
15.0
18.0
20.0
22.0
23.2
24.0
26.0
25.5
25.0
25.0
24.0
20.0
19.0
18.5
18.0
17.0
16.0
15.0
14.0
14.0
13.0
13.0
14.2
15.0
17.0
19.0
19.0
22.0
23.0
25.0
26.0
27.0
25.0
26.0
21.0
20.0
19.0
19.0
18.0
17.0
17.0
17.0
16.0
16.0
14.0
12.9
11.8
12.0
13.0
16.0
19.0
21.0
21.3
23.1
25.0
26.0
27.0
26.0
24.3
21.0
20.0
19.0
18.0
18.0
17.0
16.0
15.5
15.0
14.5
14.0
14.0
13.0
14.0
16.0
18.0
20.0
21.8
23.0
24.0
26.0
25.0
25.0
24.1
21.0
19.0
17.0
17.0
17.0
16.3
15.7
15.0
14.0
13.5
13.0
12.6
11.0
15.0
17.0
18.0
20.0
22.4
23.0
24.0
25.0
24.0
23.0
26.6
22.0
21.0
19.0
18.0
17.0
17.0
16.0
15.0
14.0
14.0
13.0
13.0
13.0
14.0
17.0
20.0
21.0
23.8
25.0
25.0
27.0
25.0
24.0
24.2
20.0
20.0
19.0
16.0
18.0
18.0
17.0
16.0
16.0
15.1
14.3
13.4
13.0
14.0
17.0
19.0
21.0
22.3
24.0
27.0
26.0
27.0
26.0
22.9
21.0
16.0
16.0
16.0
16.0
16.0
15.0
15.0
14.0
14.0
13.0
13.0
13.0
14.0
15.0
17.0
19.0
21.0
23.0
24.0
25.0
25.0
24.0
22.0
21.0
19.0
18.0
17.0
17.0
17.0
17.0
16.0
15.0
15.0
15.0
15.0
15.0
16.0
16.0
18.0
20.0
21.8
24.0
25.0
26.0
26.0
25.0
21.8
20.0
18.0
18.0
17.0
17.0
16.0
16.0
16.0
16.0
15.5
15.0
14.4
14.0
16.0
17.0
19.0
22.0
23.0
23.0
24.0
25.0
24.0
23.0
22.0
19.0
18.0
16.0
15.0
15.0
14.0
14.0
14.0
13.0
12.0
10.9
9.8
11.0
12.0
14.0
16.0
18.0
20.3
22.0
23.0
25.0
25.0
25.0
23.9
21.0
18.0
16.0
16.0
16.0
15.5
15.0
14.0
13.0
11.0
10.0
9.3
10.0
12.0
13.0
16.0
20.0
22.0
23.0
24.0
25.0
26.0
24.0
23.0
21.0
20.0
18.0
17.0
17.0
16.0
15.0
14.0
13.0
12.0
12.0
11.4
12.0
15.0
16.0
19.0
22.0
23.0
25.0
25.0
26.0
25.0
24.0
22.8
23.0
21.0
18.0
17.5
17.0
16.5
16.0
15.0
14.0
14.0
12.0
11.2
12.0
14.0
15.0
18.0
21.0
22.8
25.0
25.0
25.5
26.0
25.0
23.7
21.2
20.0
18.8
17.7
16.6
15.8
15.1
14.6
14.2
14.0
13.8
13.6
14.0
15.0
16.0
19.0
20.0
21.8
23.0
24.0
24.0
23.0
21.0
18.3
17.0
15.0
15.0
14.5
14.0
14.8
14.0
14.0
14.0
14.0
14.0
13.4
13.0
14.0
15.0
18.0
19.0
21.8
23.0
25.0
25.0
24.0
23.0
20.5
18.0
17.0
16.0
16.0
16.0
16.0
15.0
14.5
14.0
13.5
13.0
13.4
12.0
14.0
16.0
18.0
20.0
20.4
22.0
23.0
24.0
23.0
19.7
16.5
16.0
16.0
14.0
14.0
14.0
14.8
14.0
14.0
14.0
14.0
13.0
14.4
13.0
15.0
17.0
18.0
19.0
19.3
21.0
20.0
17.0
17.0
17.0
17.0
17.0
15.0
15.0
15.0
15.0
15.0
14.0
14.0
14.0
14.0
14.0
14.0
14.0
14.0
16.0
17.0
18.0
20.0
21.0
22.0
20.0
19.0
18.0
16.3
15.0
15.0
14.0
14.0
14.0
14.0
14.0
14.0
14.0
14.0
14.0
11.8
11.0
13.0
15.0
18.0
19.0
21.0
22.0
24.0
23.0
23.0
18.0
15.0
15.0
15.0
15.0
16.0
16.0
14.7
15.0
15.0
15.0
15.0
15.0
13.5
14.0
15.0
15.0
17.0
18.0
19.6
20.0
20.0
21.0
20.0
20.0
18.0
17.0
17.0
16.0
16.0
16.0
15.8
15.0
15.0
14.0
14.0
14.0
14.4
15.0
17.0
17.0
17.0
18.0
18.8
21.0
21.0
23.0
23.0
22.0
16.0
16.0
15.0
16.0
16.0
16.0
15.4
15.0
15.0
15.0
14.0
14.0
13.9
15.0
15.0
16.0
17.0
20.0
19.6
23.0
23.0
22.0
22.0
23.0
17.7
17.0
16.0
15.0
15.0
15.0
15.0
15.0
14.0
13.0
13.0
12.0
12.0
11.0
14.0
14.0
16.0
17.0
20.3
21.0
22.0
23.0
24.0
21.0
20.3
19.0
18.0
17.5
17.0
17.0
16.6
15.8
15.0
14.0
13.0
13.0
13.0
14.0
15.0
16.0
19.0
20.0
22.0
24.0
25.0
25.0
25.0
25.0
21.8
21.0
19.0
18.0
18.0
17.0
17.0
16.0
16.0
15.0
15.0
15.0
15.8
15.0
16.0
18.0
20.0
21.0
23.4
24.0
26.0
26.0
27.0
27.0
24.0
21.0
19.0
18.0
18.0
18.0
18.0
18.0
16.5
15.0
14.0
14.0
15.4
15.0
16.0
16.0
18.0
20.0
22.2
24.0
25.0
25.0
26.0
25.0
22.3
21.0
19.0
18.0
17.0
16.0
16.0
14.0
14.0
13.0
12.5
12.0
11.4
11.0
13.0
15.0
17.0
20.0
22.0
24.0
26.0
24.0
24.0
23.0
20.9
19.0
17.0
16.0
16.0
15.0
15.2
14.0
13.5
13.0
13.0
12.0
12.8
13.0
15.0
17.0
18.5
20.0
20.5
24.0
25.0
24.0
23.0
21.0
19.3
17.0
16.5
16.0
15.0
15.0
14.0
14.0
13.0
13.0
13.0
13.0
13.5
13.0
14.0
15.0
15.0
16.0
16.5
18.0
19.0
18.0
19.0
18.0
16.8
15.0
14.0
13.0
11.0
11.0
11.3
10.0
10.0
9.0
9.0
9.0
9.0
10.0
10.0
12.0
15.0
15.0
18.0
21.0
23.0
23.0
24.0
23.0
21.2
20.0
17.0
16.0
15.0
14.0
14.2
13.1
12.0
12.0
10.0
9.0
9.9
9.0
10.0
13.0
15.0
18.0
22.0
23.0
25.0
26.0
26.0
25.0
21.6
18.0
17.0
15.5
14.0
13.0
13.0
12.0
11.0
10.5
10.0
10.0
9.6
10.0
11.0
13.0
15.0
17.0
17.8
21.0
22.0
22.0
22.0
21.0
17.5
17.0
17.0
16.0
15.0
14.0
14.0
14.0
14.0
13.5
13.0
13.0
13.0
13.0
15.0
17.0
17.0
17.0
18.5
21.0
22.0
24.0
23.0
22.0
20.0
19.0
18.0
15.0
14.0
13.0
13.0
12.0
12.0
9.0
10.0
10.0
8.9
9.0
12.0
14.0
15.0
18.0
20.7
23.0
22.0
22.0
23.0
21.0
19.3
15.0
15.0
15.0
15.0
14.0
14.2
14.0
13.0
13.0
12.0
10.0
9.8
10.0
11.0
15.0
16.0
19.0
21.3
23.0
24.0
24.0
22.0
21.0
19.7
19.0
18.0
17.0
15.0
16.0
15.7
14.0
14.0
13.0
13.0
13.0
12.2
13.0
14.0
17.0
19.0
21.6
24.3
25.0
25.0
24.0
23.0
19.7
16.5
16.7
17.0
17.0
17.0
16.0
15.5
15.0
14.0
13.0
13.0
13.0
12.5
12.7
13.0
17.0
18.0
19.0
21.2
23.0
25.0
25.0
23.0
16.0
17.5
18.0
17.0
17.0
16.0
15.0
15.3
15.0
14.0
14.0
13.5
13.0
13.2
13.0
14.0
15.0
17.0
19.0
22.8
24.0
25.0
23.0
22.5
22.0
22.6
21.0
19.3
17.6
16.0
15.0
13.0
13.0
13.0
12.0
11.0
10.0
10.0
10.0
12.0
13.0
15.0
18.3
21.7
23.0
25.0
22.0
22.0
21.0
19.2
19.0
18.0
17.0
14.0
13.0
12.0
11.0
10.0
10.0
10.0
10.0
10.8
10.0
13.0
14.0
15.0
16.0
19.0
20.0
23.0
22.0
21.0
19.3
17.7
15.0
14.0
13.0
13.0
11.0
11.5
10.0
10.0
10.0
9.0
9.0
9.3
10.0
10.0
11.0
14.0
16.0
16.8
19.0
19.0
19.0
19.0
18.0
17.8
16.0
14.0
13.0
13.0
12.0
12.3
11.0
10.0
10.0
9.0
8.0
6.7
7.0
9.0
11.0
12.0
14.0
18.0
19.0
20.0
22.0
21.0
20.0
17.4
15.2
13.0
12.0
11.0
10.0
9.0
8.0
7.0
7.0
6.0
6.0
6.9
6.0
7.0
9.0
11.0
11.0
14.9
15.9
17.0
19.0
20.0
19.0
17.2
15.0
14.0
11.0
10.0
9.8
9.7
9.0
8.5
8.0
7.0
6.0
5.0
5.0
8.0
9.0
11.0
14.0
16.5
19.0
21.0
22.0
22.0
21.0
18.7
17.3
16.4
15.4
14.6
14.0
13.5
13.3
13.1
13.0
12.7
12.4
12.0
11.0
13.0
14.0
16.0
17.0
20.0
21.0
22.0
22.0
22.0
22.0
20.2
18.0
16.0
14.0
15.0
15.0
14.0
13.0
13.0
14.0
14.0
13.0
13.2
13.0
13.0
15.0
17.0
19.0
20.0
21.0
22.0
24.0
24.0
22.0
20.0
18.0
16.7
15.3
14.0
14.0
13.8
13.0
12.0
11.0
10.0
9.5
9.0
9.5
10.0
12.0
14.0
16.0
18.0
19.0
20.0
22.0
21.0
21.0
19.3
19.0
17.0
15.0
14.0
14.0
12.5
12.0
11.0
10.0
10.0
9.0
9.0
9.0
10.0
10.0
15.0
17.0
20.2
22.0
23.0
23.0
23.0
23.0
20.4
19.0
18.0
16.0
16.0
16.0
16.0
14.0
13.6
13.2
12.8
12.4
12.0
11.0
12.0
13.0
17.0
19.0
20.0
21.0
21.0
21.0
21.0
20.0
17.0
17.0
17.0
16.4
15.0
15.0
15.0
14.0
13.0
13.0
13.0
13.0
12.4
13.0
13.0
15.0
17.0
19.0
21.2
22.0
22.0
22.0
20.0
20.0
19.0
16.0
16.0
16.0
15.0
16.0
15.0
16.0
16.0
15.0
14.5
14.1
13.6
14.0
15.0
15.0
16.0
17.0
18.0
19.0
20.0
20.0
19.0
16.0
14.7
15.0
14.0
13.0
14.0
14.0
14.0
14.0
13.0
13.0
14.0
12.0
12.0
13.0
14.0
14.5
15.0
17.0
18.0
16.0
16.0
14.0
16.0
16.0
16.2
15.6
15.0
15.0
14.0
14.0
14.0
13.0
13.0
13.0
12.0
13.0
12.3
13.0
12.0
13.0
13.0
14.0
15.0
17.0
17.0
16.0
17.0
17.0
16.0
15.0
15.0
14.0
13.5
13.0
12.8
13.0
14.0
13.0
12.0
11.0
11.0
11.0
11.0
13.0
14.0
15.0
17.0
18.0
19.0
20.0
20.0
20.0
19.1
17.0
16.0
15.0
14.0
13.5
13.0
12.0
12.0
11.0
11.0
10.0
9.0
9.0
10.0
12.0
14.0
16.0
18.5
19.0
21.0
22.0
22.0
20.0
18.0
17.0
16.0
15.0
14.0
14.0
13.0
13.0
12.0
11.0
10.0
9.0
9.0
7.0
10.0
13.0
15.0
17.0
19.0
21.0
21.0
22.0
23.0
21.5
20.0
18.0
16.0
16.0
14.0
14.0
12.0
10.0
9.5
9.0
9.0
8.0
8.0
8.0
9.0
12.0
14.0
17.0
21.0
22.0
23.0
24.0
24.0
23.0
21.2
19.1
17.1
15.0
14.0
14.0
13.0
11.0
11.0
10.5
10.0
10.0
9.7
9.3
9.0
12.0
14.0
16.7
19.3
22.0
23.0
24.0
24.0
22.4
20.9
19.0
17.0
17.0
15.0
15.0
13.0
12.0
11.0
11.0
10.0
8.0
7.5
7.0
9.7
12.3
15.0
17.0
20.9
23.0
25.0
24.0
24.0
21.0
17.0
15.0
14.0
13.0
13.0
12.0
11.0
10.5
10.0
11.0
11.0
11.0
10.0
10.0
12.0
14.0
14.0
16.0
18.0
19.0
21.0
22.0
21.0
21.0
18.8
17.0
17.0
15.0
15.0
15.0
12.0
12.0
11.0
11.0
9.0
9.0
8.0
9.0
9.0
12.0
14.0
17.0
19.0
21.0
22.0
22.0
21.5
21.0
20.0
19.0
17.0
15.0
14.0
14.0
13.0
12.0
12.0
12.0
11.0
11.0
8.8
8.0
10.0
14.0
16.0
18.0
20.5
22.0
23.0
22.0
21.0
20.0
19.0
18.0
17.0
16.0
15.5
15.0
12.0
12.5
13.0
11.0
11.0
11.0
10.0
12.0
12.0
14.0
16.0
17.0
18.0
19.0
20.0
19.0
19.0
18.0
18.0
17.0
16.0
15.0
14.0
13.0
10.0
10.0
9.0
7.0
7.0
6.0
4.6
6.7
8.9
11.0
13.5
16.0
18.0
21.0
23.0
21.9
20.9
19.8
18.8
17.5
16.3
15.0
13.7
12.5
11.2
11.6
12.0
11.0
11.0
11.0
11.0
10.0
11.0
15.0
18.0
20.0
22.9
22.0
23.0
23.0
22.0
21.0
19.4
18.0
18.0
18.0
18.0
17.0
16.2
15.5
14.7
14.0
14.0
12.5
11.0
13.0
15.0
17.0
19.0
21.0
23.6
23.0
22.5
22.0
21.0
21.0
19.5
19.0
18.0
17.0
17.0
16.0
15.0
15.0
12.0
14.0
12.5
11.0
11.0
11.5
12.0
14.7
17.3
20.0
21.8
23.0
24.0
23.0
21.0
20.0
19.0
17.0
17.0
16.0
15.5
15.0
14.0
14.0
13.0
12.0
11.0
11.0
10.0
10.0
10.0
12.0
14.5
17.0
20.0
23.0
23.0
22.6
22.3
22.0
21.6
18.0
17.0
16.0
15.0
14.0
13.0
13.0
11.0
10.0
10.0
8.3
6.7
7.8
9.0
11.0
14.0
17.0
18.0
22.0
23.0
23.0
23.0
22.0
20.0
18.0
17.0
16.0
15.0
14.0
14.0
14.0
13.5
13.0
11.5
10.0
11.0
11.0
11.0
13.0
16.0
19.0
21.0
21.0
20.0
20.0
20.0
19.0
17.4
17.0
16.5
16.0
15.5
15.0
14.5
14.0
14.0
14.0
14.0
14.0
13.0
13.0
13.0
15.0
17.0
19.0
21.0
21.3
21.7
22.0
20.0
19.0
18.0
18.0
17.0
16.0
15.0
15.0
12.8
13.0
13.0
10.0
11.0
11.0
10.0
9.0
10.0
14.0
15.5
17.0
19.0
21.0
23.0
22.0
21.0
20.0
19.0
18.0
17.0
16.0
16.0
15.0
13.0
12.0
12.0
10.0
9.5
9.0
9.0
9.0
11.5
14.0
16.5
19.0
22.2
23.0
24.0
24.0
22.0
21.0
20.0
18.0
17.0
17.0
16.0
15.0
15.0
13.0
13.0
12.0
10.0
10.0
9.0
9.0
9.0
12.0
15.0
18.0
20.0
22.0
23.0
22.5
22.0
21.5
21.0
19.9
19.1
18.1
17.0
15.6
14.2
12.9
12.0
11.4
11.1
10.8
10.5
10.0
11.0
11.5
12.0
13.7
15.5
17.0
19.0
21.0
20.0
18.0
14.0
13.0
11.0
10.0
10.0
10.0
9.2
9.0
9.0
9.0
9.0
9.0
8.6
9.0
9.0
10.0
11.0
12.3
13.7
13.7
13.8
13.8
13.9
13.9
14.0
13.0
12.0
11.0
10.0
9.0
8.0
7.0
7.0
6.0
5.0
5.0
5.0
6.0
7.0
7.0
8.0
12.0
15.0
17.0
19.0
21.0
21.0
20.0
18.0
16.0
15.0
14.0
12.0
11.0
9.5
8.0
7.0
6.0
5.0
5.0
5.0
5.0
6.0
6.0
7.0
8.0
11.1
14.0
15.0
18.0
19.0
18.0
14.8
13.0
11.0
10.0
10.0
9.0
8.0
8.0
7.3
6.7
6.0
6.0
6.0
7.0
8.0
9.0
10.0
11.0
13.6
15.0
16.0
17.0
16.0
16.0
15.7
14.0
13.0
12.0
11.0
11.0
10.0
8.0
7.0
6.0
5.0
4.0
3.0
4.0
4.0
7.0
10.0
14.0
16.2
20.0
20.0
21.0
21.0
20.0
17.8
16.0
15.0
15.0
14.0
13.0
11.0
10.0
8.0
8.0
7.0
7.0
5.7
6.0
9.0
11.0
16.0
18.0
19.0
20.0
21.0
22.0
23.0
22.0
19.2
16.0
15.0
14.0
13.0
12.0
10.9
10.0
10.0
9.0
8.0
8.0
8.0
6.0
8.0
10.0
14.0
18.0
19.8
22.0
23.0
23.0
22.0
21.0
19.0
17.0
16.0
15.0
15.0
13.0
11.5
10.0
9.0
8.3
7.7
7.0
5.7
5.8
6.0
10.0
13.0
16.0
16.5
20.0
21.0
21.0
21.0
19.0
17.1
17.0
16.0
15.0
13.0
11.0
10.2
10.0
9.0
8.5
8.0
6.0
7.0
5.0
8.0
8.0
15.0
19.0
20.5
22.0
24.0
24.0
23.0
22.0
20.0
18.0
17.0
17.0
15.0
14.0
14.0
13.0
12.0
10.5
9.0
8.0
8.0
9.0
11.0
12.0
17.0
20.0
21.0
22.0
23.0
25.0
24.0
22.0
19.9
19.0
18.0
16.0
15.0
15.0
14.3
13.0
13.0
13.0
13.0
12.0
9.8
9.0
13.0
14.0
15.0
18.0
20.0
22.0
23.0
23.0
21.0
22.0
19.8
19.0
18.0
16.0
14.0
14.0
12.0
9.0
8.0
8.0
8.0
8.0
7.2
8.0
8.0
11.0
13.0
17.0
18.6
22.0
23.0
23.0
23.0
22.0
18.9
17.0
17.0
16.0
15.0
13.0
11.0
11.0
10.0
9.0
8.0
8.0
7.0
8.0
8.0
10.0
15.0
18.0
20.0
22.0
23.0
23.0
23.0
22.0
21.5
18.0
17.0
17.0
16.0
14.0
13.0
12.0
11.0
10.0
9.0
9.0
6.5
8.0
10.0
13.3
16.7
20.0
20.5
23.0
24.0
25.0
23.0
22.0
21.4
20.0
17.0
16.5
16.0
15.0
14.3
13.0
11.0
10.0
10.0
10.0
8.9
9.0
9.0
11.0
13.0
16.0
16.5
20.0
21.0
23.0
23.0
22.0
20.0
18.0
16.0
15.0
14.0
12.0
12.0
10.0
9.0
8.0
7.0
7.0
7.0
7.0
7.0
8.0
8.0
10.0
15.0
16.0
18.0
20.0
21.0
20.0
18.8
17.0
15.0
14.0
12.0
11.0
11.0
10.0
9.0
7.0
7.0
6.0
5.0
3.0
3.0
9.0
13.0
15.0
17.0
19.0
20.0
21.0
22.0
21.0
19.1
17.0
16.0
15.0
14.0
13.0
11.0
9.0
8.0
10.0
7.0
6.0
4.7
6.0
8.0
9.0
12.0
16.0
18.0
21.0
22.0
23.0
23.0
20.8
18.7
18.0
16.0
15.0
12.0
12.0
11.9
10.0
8.0
6.0
6.0
6.0
5.5
5.0
7.0
8.0
13.0
18.0
19.2
22.0
23.0
23.0
23.0
22.0
20.8
18.0
16.5
15.0
15.0
14.0
13.0
12.0
10.0
9.0
8.0
7.0
5.4
6.0
6.0
9.0
13.0
18.0
21.0
22.0
23.0
24.0
23.0
22.0
21.0
19.0
18.0
16.0
14.0
14.0
13.7
11.0
9.0
7.0
6.0
4.3
2.6
4.8
7.0
8.0
13.0
15.6
18.3
22.0
21.8
21.6
21.4
21.2
21.0
18.0
15.0
15.0
14.0
13.0
12.0
11.0
10.0
8.0
8.0
7.0
6.0
5.0
5.0
8.0
14.0
18.0
19.8
21.4
23.1
24.7
26.3
28.0
29.6
22.3
15.0
15.0
13.0
12.0
10.5
9.2
8.0
8.0
6.6
5.2
3.8
4.4
5.0
9.0
14.0
16.6
19.3
21.1
23.0
24.0
25.0
24.0
21.0
18.0
12.5
12.3
10.8
9.5
8.5
7.3
5.8
5.5
4.3
3.3
2.7
2.8
3.5
6.6
11.9
15.0
18.0
20.2
20.8
21.5
22.1
22.8
23.4
18.6
15.0
14.0
12.0
12.0
8.2
8.0
7.0
6.7
6.3
6.0
2.5
3.0
5.0
12.0
14.0
16.0
18.8
21.0
21.0
20.9
20.9
20.8
20.8
17.0
15.0
14.5
14.0
12.0
12.0
11.0
9.0
8.0
7.0
7.0
8.0
7.0
8.0
9.0
15.0
19.0
20.0
22.0
22.5
23.0
22.0
20.0
17.9
17.0
15.0
14.5
14.0
12.0
10.2
9.0
8.3
7.7
7.0
6.0
6.0
4.0
6.0
7.0
13.0
16.0
18.8
20.0
21.0
23.0
22.0
21.0
19.0
17.0
15.0
14.0
12.0
11.0
10.0
9.0
8.0
6.0
6.0
6.0
6.0
5.0
5.0
11.0
12.0
15.0
18.0
20.0
21.0
22.0
22.0
21.0
19.1
18.0
17.0
15.0
14.0
14.0
12.7
12.0
10.0
9.0
8.0
7.0
6.6
6.0
8.0
11.0
15.0
18.0
19.7
22.0
23.0
23.0
23.0
22.0
18.9
18.0
16.5
15.0
14.0
13.0
13.0
11.0
11.0
8.0
7.0
6.0
7.2
6.0
7.0
10.0
14.0
17.0
17.8
22.0
23.0
25.0
25.0
23.0
20.2
18.8
17.5
16.2
14.9
13.7
