-0.6
-8.3
-7.8
-7.2
-6.7
-6.1
-6.1
-5.6
-5.0
-4.4
-3.3
-2.2
-1.7
-0.6
0.0
0.6
0.6
0.6
0.6
0.6
0.0
-1.1
-1.7
-2.2
-3.9
-4.4
-4.4
-5.6
-6.1
-5.0
-3.9
-3.9
-3.3
-2.2
-1.7
-1.1
0.0
1.7
1.7
1.7
1.7
1.7
2.2
1.7
1.7
-1.7
-2.2
-5.0
-7.2
-8.3
-9.4
-10.6
-11.1
-11.7
-11.7
-12.2
-12.8
-12.2
-11.7
-10.6
-10.0
-8.3
-7.8
-7.8
-8.3
-9.4
-9.4
-10.0
-10.6
-11.1
-11.1
-11.7
-12.2
-12.8
-12.8
-13.3
-13.9
-15.0
-15.6
-15.6
-16.1
-15.6
-15.0
-14.4
-13.9
-13.9
-13.3
-13.3
-13.3
-13.3
-13.3
-13.9
-14.4
-15.0
-15.0
-15.0
-15.6
-15.6
-16.7
-18.3
-20.0
-20.0
-20.6
-20.6
-21.1
-20.6
-19.4
-19.4
-18.9
-18.9
-18.9
-18.9
-19.4
-20.0
-20.0
-20.0
-20.0
-20.0
-20.0
-20.0
-19.4
-19.4
-18.9
-18.3
-17.8
-17.8
-17.8
-17.2
-16.7
-16.1
-15.0
-13.9
-13.3
-12.2
-12.2
-11.7
-11.7
-12.2
-12.2
-12.2
-12.2
-12.8
-13.3
-13.3
-13.3
-13.9
-13.9
-14.4
-14.4
-14.4
-14.4
-14.4
-15.0
-13.9
-12.8
-11.7
-10.0
-8.9
-7.8
-7.2
-7.2
-8.3
-8.3
-8.9
-8.3
-8.9
-8.9
-10.0
-10.6
-10.6
-11.7
-11.7
-12.2
-11.7
-11.7
-11.1
-10.6
-10.6
-9.4
-8.9
-8.3
-7.2
-7.2
-7.2
-6.7
-7.8
-8.3
-8.9
-8.9
-9.4
-10.0
-10.0
-9.4
-9.4
-9.4
-9.4
-9.4
-8.9
-9.4
-9.4
-9.4
-9.4
-8.9
-8.3
-7.2
-7.2
-6.1
-6.1
-6.1
-6.1
-6.7
-6.7
-7.2
-6.7
-6.7
-6.7
-6.7
-6.7
-6.7
-6.7
-6.7
-6.1
-6.1
-5.6
-5.6
-5.0
-5.0
-4.4
-3.9
-3.3
-2.8
-2.8
-2.2
-2.2
-2.8
-2.8
-3.3
-3.3
-3.3
-3.3
-3.9
-3.9
-3.9
-3.9
-3.9
-4.4
-4.4
-5.0
-5.0
-5.0
-4.4
-2.8
-0.6
0.0
0.6
1.1
1.7
1.7
1.1
0.0
-1.1
-2.2
-2.2
-2.8
-2.8
-3.3
-4.4
-5.6
-6.1
-6.7
-7.2
-8.3
-8.3
-7.8
-6.1
-3.9
-2.8
-1.1
-0.6
0.0
0.0
-0.6
-0.6
-1.1
-0.6
-0.6
-1.1
-1.1
-1.1
-1.7
-1.1
-2.2
-5.0
-6.7
-7.8
-8.3
-9.4
-9.4
-8.9
-8.9
-7.8
-7.2
-6.1
-6.1
-5.6
-6.1
-6.7
-6.7
-7.2
-7.2
-6.7
-6.7
-5.6
-4.4
-4.4
-2.8
-1.1
0.0
0.6
1.1
-1.7
-5.0
-6.1
-6.1
-5.0
-4.4
-4.4
-4.4
-4.4
-6.1
-7.2
-7.8
-7.8
-8.3
-9.4
-10.0
-10.0
-10.6
-10.6
-11.1
-11.1
-11.7
-11.7
-11.7
-10.6
-10.0
-8.9
-7.8
-6.7
-5.6
-4.4
-3.3
-2.2
-2.8
-4.4
-4.4
-4.4
-4.4
-4.4
-5.0
-5.0
-5.0
-5.0
-5.6
-5.6
-6.1
-6.7
-7.2
-7.2
-7.2
-6.1
-4.4
-3.3
-2.8
-1.7
-2.2
-2.2
-2.2
-2.2
-2.2
-2.8
-2.8
-2.8
-2.8
-2.8
-2.8
-2.8
-2.2
-2.2
-2.2
-1.7
-1.7
-1.7
-2.8
-2.2
-1.1
-0.6
0.0
0.6
0.6
-0.6
-2.2
-5.0
-6.1
-6.7
-10.0
-11.7
-13.9
-15.0
-16.1
-16.7
-17.8
-18.9
-19.4
-20.0
-20.6
-21.1
-21.1
-20.0
-19.4
-18.3
-17.2
-16.7
-16.1
-16.7
-17.2
-17.2
-17.8
-17.8
-18.3
-18.9
-18.9
-19.4
-20.0
-20.0
-20.6
-20.6
-20.6
-20.6
-20.0
-20.0
-19.4
-18.3
-17.2
-16.7
-15.6
-15.0
-13.3
-12.8
-13.3
-13.9
-13.9
-13.3
-13.3
-12.8
-13.3
-13.3
-13.3
-13.9
-13.9
-13.9
-13.9
-13.9
-14.4
-13.9
-13.3
-12.8
-12.0
-10.6
-9.4
-8.9
-8.3
-8.3
-8.3
-8.3
-7.8
-7.8
-7.2
-7.2
-7.2
-7.2
-6.7
-6.7
-6.1
-5.6
-5.0
-5.0
-3.9
-3.3
-2.8
-1.7
-1.1
-2.2
-5.6
-7.2
-8.9
-10.6
-13.3
-15.0
-16.7
-17.8
-19.4
-20.6
-21.7
-22.2
-22.8
-22.8
-22.8
-23.3
-23.3
-23.3
-23.3
-23.3
-22.8
-21.7
-20.6
-19.4
-18.3
-17.2
-16.7
-16.1
-16.1
-16.1
-15.6
-15.6
-15.0
-15.0
-15.0
-15.0
-15.0
-15.0
-14.4
-14.4
-13.9
-13.9
-13.3
-13.3
-12.8
-12.8
-11.7
-12.2
-12.2
-12.2
-12.2
-11.1
-11.7
-12.2
-12.2
-12.2
-12.2
-12.2
-12.2
-12.2
-12.2
-13.9
-15.0
-16.1
-16.1
-16.1
-17.2
-16.7
-16.7
-15.0
-13.9
-11.7
-10.6
-10.6
-10.0
-10.0
-10.6
-11.1
-10.6
-10.6
-11.1
-11.1
-11.1
-11.1
-11.1
-11.1
-11.1
-11.1
-11.1
-11.1
-11.7
-11.1
-11.1
-11.1
-10.0
-9.4
-8.9
-8.3
-8.3
-7.8
-8.3
-7.8
-8.3
-8.3
-7.8
-7.8
-8.3
-8.3
-8.3
-8.9
-8.9
-8.9
-8.9
-8.9
-8.9
-8.3
-8.3
-7.8
-7.8
-6.7
-6.7
-6.7
-6.7
-6.7
-7.2
-7.8
-7.8
-7.8
-8.3
-8.3
-8.3
-8.9
-9.4
-9.4
-11.1
-13.3
-14.4
-15.6
-16.7
-17.8
-17.2
-16.1
-15.0
-14.4
-13.9
-12.8
-11.7
-11.7
-12.8
-15.6
-16.1
-17.8
-18.3
-18.3
-17.8
-18.3
-17.2
-16.7
-17.8
-18.9
-20.0
-20.6
-21.1
-21.7
-23.3
-23.9
-23.3
-23.3
-22.2
-22.2
-21.7
-21.7
-22.8
-23.9
-24.4
-25.0
-25.6
-26.1
-26.7
-26.7
-26.1
-26.1
-26.1
-26.1
-26.7
-26.7
-26.7
-26.7
-26.1
-26.1
-25.6
-24.4
-23.3
-22.8
-22.2
-22.8
-22.8
-23.3
-23.9
-24.4
-25.0
-25.6
-25.6
-26.1
-26.7
-26.7
-27.8
-28.3
-29.4
-30.0
-30.6
-31.1
-30.0
-28.3
-26.1
-24.4
-22.8
-21.7
-21.1
-20.0
-20.6
-22.8
-22.8
-22.8
-23.9
-25.0
-25.0
-24.4
-24.4
-25.0
-25.0
-26.1
-25.6
-25.6
-24.4
-23.3
-22.8
-21.7
-20.0
-18.3
-17.2
-16.7
-16.7
-16.1
-15.6
-15.6
-14.4
-13.9
-13.9
-13.7
-13.6
-13.5
-13.5
-13.4
-13.3
-13.3
-13.3
-13.3
-13.3
-13.3
-12.2
-10.6
-8.9
-8.9
-7.8
-7.8
-7.8
-8.3
-10.0
-11.7
-13.3
-13.3
-15.0
-15.6
-14.4
-15.0
-14.4
-12.8
-11.1
-10.0
-7.2
-6.7
-5.6
-5.6
-4.4
-3.9
-3.3
-3.3
-2.8
-2.2
-2.2
-2.2
-2.2
-2.2
-3.3
-3.9
-3.9
-5.0
-6.1
-6.1
-6.7
-7.2
-7.8
-8.9
-8.9
-9.4
-9.4
-9.4
-8.9
-8.3
-6.1
-3.9
-2.2
-1.1
-0.6
-0.6
-1.1
-1.1
-1.1
-1.1
-1.7
-1.7
-1.7
-2.2
-2.2
-2.8
-3.3
-3.9
-3.9
-5.0
-6.7
-7.8
-8.3
-8.3
-8.3
-8.3
-8.3
-8.3
-8.9
-8.9
-9.4
-10.0
-10.6
-12.2
-13.9
-15.0
-16.1
-17.2
-17.8
-18.3
-17.2
-17.8
-17.8
-17.8
-17.8
-17.8
-17.2
-16.7
-15.6
-15.0
-13.9
-13.3
-13.3
-13.9
-14.4
-16.1
-17.2
-17.8
-18.3
-17.8
-17.8
-17.2
-18.9
-18.3
-19.4
-20.6
-20.6
-21.7
-22.8
-23.9
-20.6
-18.3
-16.7
-15.0
-13.9
-13.3
-12.8
-12.8
-13.3
-15.6
-14.4
-16.1
-16.7
-16.7
-18.9
-20.6
-19.4
-21.1
-21.1
-18.9
-18.3
-18.3
-17.2
-16.1
-16.1
-14.4
-11.7
-10.0
-8.9
-8.3
-8.3
-7.8
-8.3
-8.3
-8.9
-8.9
-8.9
-7.8
-6.7
-7.2
-7.2
-7.2
-8.3
-9.4
-10.0
-10.0
-10.0
-10.0
-9.4
-7.8
-5.6
-5.0
-3.9
-2.8
-2.2
-2.2
-2.2
-4.4
-4.4
-5.0
-2.8
-1.7
0.0
0.0
0.6
0.0
-1.1
-0.6
-1.7
-1.7
-3.9
-3.9
-1.1
0.6
1.7
2.2
3.9
5.0
5.6
5.6
4.4
3.3
2.8
2.2
0.6
0.0
0.0
-1.1
-2.2
-2.2
-2.2
-3.3
-3.9
-6.1
-5.6
-3.9
-0.6
2.8
5.0
5.6
6.7
7.8
8.3
7.8
7.2
5.6
4.4
4.4
3.9
3.3
2.8
2.2
1.1
1.7
1.1
-0.6
-1.1
-0.6
-2.8
-1.7
0.6
3.3
5.0
6.7
8.9
10.0
8.9
9.4
7.8
6.1
5.0
5.6
5.0
6.1
5.6
4.4
3.3
3.3
3.3
3.3
3.3
2.8
2.8
2.2
1.7
2.2
1.7
1.1
0.6
0.6
0.6
0.6
1.7
1.7
1.7
1.1
1.1
0.6
0.6
0.0
-1.1
-1.1
-1.1
-1.1
-1.1
-1.7
-2.8
-2.8
-2.8
-1.7
-1.1
0.0
0.6
1.1
1.7
1.7
1.1
-1.1
-1.7
-1.7
-2.2
-3.3
-3.9
-3.3
-3.9
-5.0
-5.6
-6.7
-7.2
-7.2
-7.8
-8.9
-8.9
-8.3
-7.2
-7.2
-6.1
-5.0
-5.0
-5.0
-6.1
-7.2
-7.8
-7.8
-8.9
-9.4
-9.4
-10.0
-11.1
-11.7
-12.8
-13.3
-13.9
-14.4
-15.0
-14.4
-12.8
-11.7
-10.0
-9.4
-8.3
-7.8
-6.7
-7.2
-7.2
-9.4
-9.4
-9.4
-9.4
-11.1
-10.6
-11.1
-13.9
-14.4
-15.0
-15.0
-16.1
-16.7
-16.1
-14.4
-11.7
-9.4
-7.8
-6.1
-4.4
-2.8
-2.2
-1.1
-1.7
-1.7
-1.7
-1.7
-1.7
-2.2
-2.8
-2.8
-2.8
-2.8
-2.8
-2.8
-2.8
-2.8
-2.8
-2.2
-2.2
-1.1
0.6
2.2
3.9
5.6
5.6
5.6
3.9
1.7
1.1
0.6
-0.6
-2.8
-3.3
-4.4
-5.6
-6.7
-6.7
-7.2
-7.8
-7.8
-8.3
-6.1
-5.0
-3.3
-2.2
-1.1
0.6
1.7
0.0
0.6
0.0
-1.1
-2.2
-3.9
-3.9
-5.0
-6.1
-7.2
-8.3
-8.9
-9.4
-10.0
-10.6
-11.7
-12.8
-11.7
-10.0
-8.9
-8.3
-6.7
-5.0
-4.4
-3.9
-3.9
-3.9
-4.4
-5.6
-5.6
-6.1
-6.7
-10.0
-7.8
-6.7
-6.1
-6.7
-7.8
-8.9
-6.7
-7.2
-7.2
-6.1
-5.6
-5.0
-3.9
-3.3
-2.8
-2.2
-2.2
-2.8
-6.1
-5.6
-6.1
-10.0
-8.3
-9.4
-9.4
-9.4
-9.4
-8.9
-8.3
-8.9
-8.3
-7.8
-7.2
-5.6
-2.2
0.6
3.3
6.1
7.2
8.3
10.0
9.4
6.7
5.0
3.3
3.9
2.2
0.6
-0.6
-1.1
-2.8
-3.9
-2.2
-2.8
-3.3
-4.4
-2.2
0.0
1.7
2.8
4.4
4.4
5.0
5.0
3.9
3.9
3.3
3.3
2.8
2.8
2.2
2.2
1.7
1.1
0.0
0.0
0.0
0.0
0.0
0.0
0.6
0.6
0.6
0.6
1.1
1.1
1.1
1.1
1.1
1.1
1.1
1.7
1.7
1.7
2.2
2.8
2.8
2.2
2.2
2.8
2.8
2.8
2.8
2.8
2.8
2.8
1.1
0.0
-0.6
-1.1
-1.7
-2.2
-3.3
-3.9
-4.4
-5.0
-5.0
-5.0
-5.0
-5.0
-5.0
-4.4
-3.9
-3.3
-3.9
-3.9
-4.4
-5.0
-4.4
-3.9
-2.8
-2.8
-2.8
-2.8
-2.8
-2.2
-2.8
-2.8
-3.3
-3.3
-3.9
-3.3
-3.9
-5.0
-5.0
-5.0
-6.7
-6.7
-7.8
-7.8
-7.8
-7.8
-6.7
-5.6
-3.9
-2.8
-1.7
-1.1
0.0
0.0
-0.6
-1.1
-2.2
-2.8
-2.8
-2.8
-2.2
-3.3
-3.9
-4.4
-5.0
-5.0
-5.0
-6.1
-6.1
-6.1
-6.7
-6.7
-6.1
-5.0
-3.9
-3.3
-2.2
-2.2
-2.2
-2.2
-2.8
-3.3
-4.4
-5.0
-6.1
-6.7
-7.2
-7.2
-7.8
-8.3
-9.4
-9.4
-10.0
-10.6
-8.3
-6.7
-5.0
-3.3
-1.7
-1.1
-0.6
-0.6
-0.6
-1.7
-2.8
-3.9
-5.0
-6.1
-5.4
-4.7
-4.1
-3.5
-2.9
-2.2
-1.7
-2.2
-2.2
-2.2
-0.6
1.7
4.4
7.2
10.0
11.7
13.3
14.4
14.4
13.9
11.7
10.6
9.4
7.8
6.7
4.4
3.3
3.9
4.4
2.8
2.2
1.7
0.0
0.0
2.2
3.3
3.3
3.3
3.9
4.4
3.9
3.3
2.8
1.7
0.0
-1.1
-2.2
-2.8
-3.9
-4.4
-5.6
-6.7
-7.2
-7.8
-8.9
-9.4
-10.0
-10.6
-10.0
-8.9
-7.8
-6.7
-5.0
-3.9
-3.3
-2.8
-2.2
-2.2
-3.3
-3.3
-3.3
-3.3
-3.3
-3.3
-2.8
-2.8
-2.8
-2.8
-2.8
-2.8
-3.3
-3.9
-2.8
-1.1
1.1
3.3
4.4
4.4
5.0
4.4
2.2
0.6
0.0
-1.1
-2.2
-3.3
-3.9
-3.9
-5.0
-5.6
-5.6
-5.6
-5.6
-5.6
-6.1
-5.6
-5.6
-4.4
-3.3
-1.7
-0.6
0.0
0.6
0.6
0.0
-0.6
-1.7
-2.2
-2.8
-3.3
-3.9
-4.4
-5.0
-5.6
-5.6
-6.7
-6.7
-6.7
-7.2
-7.2
-6.7
-5.0
-3.9
-2.2
-0.6
1.1
2.2
2.8
2.8
2.8
1.1
0.0
-1.1
-1.7
-2.2
-2.2
-3.3
-3.9
-4.4
-5.0
-5.0
-5.6
-5.6
-5.6
-5.0
-3.9
-3.3
-2.2
-1.1
-1.1
-0.6
-0.6
0.0
0.0
0.6
0.6
0.6
0.6
0.6
0.0
0.0
-0.6
-0.6
-0.6
-0.6
-0.6
-0.6
-0.6
0.0
0.0
0.0
0.0
0.0
0.6
0.6
0.6
0.6
1.1
0.6
0.6
0.6
0.6
0.6
0.6
0.6
0.6
0.6
0.6
0.6
0.6
0.6
1.1
1.1
1.1
1.1
1.7
1.7
2.2
2.8
2.8
2.8
2.8
2.8
2.8
2.2
2.2
1.7
1.7
0.6
-0.6
0.0
-0.6
0.6
0.0
-0.6
-0.6
-0.6
0.0
1.1
1.7
2.2
3.3
3.3
3.9
3.9
3.9
3.9
3.9
3.9
3.3
3.3
3.3
3.9
3.3
3.3
3.3
3.9
3.9
4.4
4.4
5.6
5.6
5.6
5.6
6.1
6.7
7.2
7.8
7.8
9.4
9.4
9.4
9.4
10.0
10.6
10.0
10.0
11.1
11.1
11.1
12.2
11.1
11.1
11.1
11.7
13.3
15.0
15.6
17.2
18.3
19.4
20.0
19.4
18.9
17.8
15.0
12.8
14.4
12.8
11.7
10.0
8.3
8.9
6.1
5.6
2.8
3.9
4.4
5.0
6.7
11.1
13.3
13.9
13.3
13.3
11.1
10.6
11.1
11.1
11.1
11.1
11.1
11.1
11.1
10.6
10.0
9.4
10.0
10.0
10.0
10.6
10.0
10.6
11.7
13.3
15.0
16.1
13.3
13.3
11.7
10.0
8.9
7.2
6.7
6.1
5.6
5.0
4.4
4.4
3.9
3.3
3.3
2.8
2.2
2.2
2.2
2.8
2.8
3.9
7.2
7.2
2.2
0.6
0.0
0.0
0.6
1.1
1.1
1.1
1.7
1.7
2.2
1.7
1.7
1.7
1.1
1.1
1.1
1.1
0.6
1.1
1.1
1.1
1.1
1.1
1.1
1.7
1.1
1.1
0.6
0.6
0.0
0.0
0.0
-0.6
-0.6
0.0
-0.6
-1.1
-0.6
0.0
0.0
-0.6
-1.1
-0.6
-0.6
0.0
0.0
0.6
0.6
0.6
0.6
0.6
1.1
1.1
0.6
0.6
0.0
0.0
0.0
-1.1
-3.3
-3.3
-3.3
-3.9
-5.0
-5.0
-5.0
-3.9
-3.3
-3.3
-2.2
-2.2
-2.2
-3.3
-3.9
-5.0
-5.0
-5.6
-6.7
-7.2
-7.2
-7.8
-7.8
-7.8
-8.9
-8.9
-9.4
-8.9
-10.0
-9.4
-9.4
-7.2
-5.6
-4.4
-3.9
-1.1
-0.6
0.0
1.1
1.1
1.1
0.0
-2.2
-2.8
-2.8
-5.0
-6.1
-5.0
-5.0
-6.1
-5.6
-6.1
-5.0
-3.9
-3.3
-0.6
2.8
5.6
8.3
10.6
11.7
12.2
12.2
12.2
12.2
9.4
8.3
7.2
6.7
6.7
5.6
3.9
2.8
2.8
1.7
2.2
2.8
2.8
2.8
3.9
5.6
8.3
9.4
11.1
12.8
14.4
14.4
14.4
13.3
12.2
10.6
10.0
8.3
8.3
7.2
6.1
5.0
5.0
4.4
4.4
3.9
2.2
1.1
1.1
1.1
2.2
3.3
3.3
3.9
3.3
2.8
1.7
-0.6
-2.2
-3.3
-4.4
-6.1
-7.2
-7.8
-8.3
-9.4
-10.0
-10.6
-11.1
-11.1
-11.7
-11.7
-10.6
-8.9
-8.3
-7.2
-6.1
-5.0
-3.9
-3.9
-4.4
-4.4
-5.6
-6.7
-6.7
-6.7
-7.2
-7.2
-7.2
-7.2
-7.8
-7.2
-7.8
-7.8
-8.3
-7.2
-5.6
-4.4
-3.3
-1.7
-0.6
0.6
1.1
1.7
2.2
1.1
0.0
-1.1
-2.2
-2.8
-2.8
-2.8
-2.8
-2.2
-2.8
-3.3
-3.9
-3.9
-3.9
-3.3
-1.7
0.0
1.1
3.9
4.4
5.6
6.1
5.6
6.7
5.6
3.9
2.2
0.6
0.0
-1.1
-1.7
-2.8
-3.3
-4.4
-5.0
-6.1
-7.2
-7.8
-7.2
-6.1
-5.0
-3.3
-1.7
-0.6
1.1
1.1
2.2
2.2
2.2
1.1
0.0
-0.6
-2.2
-1.7
-2.2
-3.9
-4.4
-3.3
-4.4
-5.0
-4.4
-4.4
-3.9
-0.6
1.7
3.3
7.8
10.6
11.7
12.2
13.3
12.8
12.2
11.7
7.8
8.3
7.2
6.1
5.6
5.6
6.1
5.6
4.4
3.9
3.3
2.8
3.3
4.4
5.6
7.8
9.4
11.1
11.7
12.2
10.6
9.4
8.9
8.3
8.3
8.3
7.8
7.8
5.6
5.6
4.4
4.4
3.3
3.3
2.8
1.7
2.2
4.4
7.2
8.9
11.1
12.2
12.2
11.7
12.2
12.2
12.2
11.7
11.1
10.6
9.4
8.3
6.1
5.0
5.0
3.3
1.7
0.6
0.6
0.6
1.1
3.9
6.1
8.3
11.1
12.8
14.4
13.9
14.4
15.0
13.9
12.2
10.0
8.3
7.8
5.6
6.7
4.4
2.8
2.8
2.2
2.2
1.7
1.7
2.8
4.4
4.4
5.6
6.7
8.9
10.6
11.1
11.1
11.7
11.1
10.6
10.0
10.0
10.0
7.9
5.9
3.8
1.8
-0.2
-2.2
-4.4
-5.0
-4.4
-3.9
-3.3
-4.0
-3.3
-3.0
-2.8
-2.2
-2.2
-2.2
-1.7
-1.7
-1.7
-1.7
-1.7
-1.7
-1.7
-1.7
-1.7
-1.7
-1.7
-1.7
-1.7
-1.7
-1.7
-1.7
-1.0
-1.1
-0.6
0.6
1.1
1.1
2.0
0.0
1.0
0.0
-0.6
-1.1
-1.7
-2.2
-3.9
-4.4
-5.0
-5.6
-6.1
-6.7
-6.1
-6.1
-6.1
-6.1
-5.6
-5.0
-3.9
-3.3
-2.2
-2.2
-1.7
-1.7
-1.7
-2.2
-2.2
-2.2
-2.8
-2.8
-3.3
-3.3
-3.3
-3.3
-3.9
-3.9
-4.4
-4.4
-4.4
-4.4
-3.9
-3.3
-2.8
-2.2
-1.7
-1.1
-0.6
-0.6
-0.6
-0.6
-0.6
-1.7
-2.8
-3.3
-3.3
-4.4
-4.4
-5.0
-5.0
-6.7
-7.2
-7.8
-7.8
-6.1
-3.3
-0.6
0.0
1.1
1.7
2.2
2.8
2.8
2.8
2.8
2.2
1.1
0.6
0.6
-1.7
-1.7
-1.7
-2.8
-3.9
-3.9
-4.4
-3.3
-3.9
-2.8
-1.1
1.1
2.2
2.8
4.4
5.0
6.1
7.2
7.8
8.3
7.8
7.8
7.2
7.2
6.7
6.7
6.7
6.7
7.0
7.2
6.7
6.7
9.4
9.4
10.0
10.0
10.6
10.6
11.1
12.2
11.7
11.7
12.0
11.7
11.1
11.1
10.3
9.4
9.4
9.4
8.3
7.8
7.2
6.7
6.7
6.7
5.0
5.6
6.1
5.6
6.1
7.0
8.3
9.4
10.0
10.6
11.1
10.6
10.0
8.3
6.7
5.6
4.4
3.3
2.2
1.1
0.6
0.0
-0.6
-1.1
-1.7
0.0
2.2
3.3
4.4
6.1
7.2
8.3
9.4
10.6
11.1
11.7
12.2
11.7
10.6
11.1
10.0
10.0
9.4
11.1
10.0
9.4
8.9
7.8
7.2
7.2
7.2
8.0
7.8
8.3
10.0
11.7
13.3
15.0
13.9
13.3
10.6
7.8
7.8
7.2
8.3
8.3
9.4
9.4
10.6
7.2
6.7
6.1
6.1
6.7
6.1
6.1
6.7
6.0
6.1
6.1
6.1
6.1
6.1
6.1
6.1
6.1
6.1
6.7
6.7
6.7
6.1
6.7
6.1
6.1
6.1
6.1
5.6
6.7
7.2
8.3
10.0
10.6
11.7
13.3
15.0
16.1
16.7
17.2
17.2
16.1
15.0
12.8
12.2
11.1
10.6
8.9
8.3
7.2
7.2
6.7
6.7
7.8
10.0
12.8
14.4
16.1
17.2
18.3
17.2
16.7
15.0
13.3
12.8
12.8
12.2
12.2
12.2
12.2
11.7
12.8
13.3
12.8
12.8
11.7
12.2
12.2
11.7
13.9
15.6
17.8
20.0
21.7
23.3
24.4
23.9
23.9
22.2
20.6
20.0
18.9
17.8
17.2
16.7
14.4
12.8
13.3
13.9
16.7
16.1
16.7
18.3
20.0
23.3
25.6
26.1
27.8
30.0
31.1
32.8
32.2
31.1
28.3
28.3
27.2
26.1
25.6
24.4
24.4
23.9
22.8
21.7
20.0
20.0
20.0
21.7
22.2
23.3
25.0
25.6
26.7
27.2
27.8
28.3
28.3
28.3
27.2
26.7
25.0
22.8
20.6
16.7
16.1
15.0
14.4
12.2
10.6
10.0
10.0
11.1
12.2
13.3
15.0
16.1
17.2
17.8
17.8
18.9
18.9
18.3
17.2
17.2
16.1
15.0
14.4
15.0
13.9
13.9
11.7
13.3
12.2
13.3
14.4
16.7
20.6
23.9
26.1
27.8
28.3
30.0
28.9
26.1
23.9
20.6
17.8
15.0
12.8
11.7
10.6
8.3
7.0
5.6
5.0
5.0
4.4
3.9
4.4
4.4
4.4
5.0
5.6
7.2
9.4
10.6
10.0
10.6
10.0
10.0
8.9
8.3
6.7
5.6
5.0
4.4
3.9
3.3
2.8
1.7
1.7
1.1
2.2
3.3
5.0
6.7
7.8
8.3
9.4
10.0
10.0
10.0
10.0
10.0
9.4
9.4
9.4
8.3
6.7
5.6
5.0
4.4
3.0
0.6
1.0
1.1
1.1
1.0
0.6
0.0
0.0
0.0
0.6
0.0
0.0
0.0
1.0
0.6
1.1
0.6
0.6
0.6
0.6
0.6
0.6
0.0
0.0
0.0
0.0
0.0
0.0
0.6
1.1
2.8
2.8
2.8
3.9
3.9
4.4
5.0
5.0
5.0
4.4
3.9
3.3
2.8
2.8
3.3
2.8
2.8
2.8
2.2
2.8
2.2
3.3
5.0
7.8
10.6
12.2
15.0
16.7
17.8
18.9
19.4
19.4
18.9
17.2
16.1
15.0
13.9
13.3
13.9
13.3
13.9
13.9
15.0
17.2
13.3
10.6
10.0
9.4
8.3
7.2
9.4
8.3
6.7
6.1
6.7
6.7
6.7
6.1
5.6
5.0
4.4
3.9
3.3
2.8
2.8
3.3
2.8
1.1
0.0
0.0
0.6
1.7
2.8
3.9
3.9
5.6
5.6
6.1
6.7
5.6
3.9
3.3
2.8
2.2
1.7
1.1
0.6
0.6
0.6
0.0
0.0
-0.6
-0.6
0.6
3.3
5.0
5.6
6.7
8.3
8.3
8.3
9.4
10.0
10.0
10.0
9.4
8.9
8.9
8.9
7.8
6.7
7.2
7.2
7.2
7.2
7.2
7.2
7.2
6.7
5.0
4.0
3.3
3.3
3.9
2.8
1.7
1.7
1.1
1.7
1.7
1.1
1.1
0.6
1.1
1.7
1.7
2.2
1.7
1.7
1.7
1.7
2.2
2.2
2.8
4.0
5.0
4.4
4.4
4.4
5.0
5.6
6.1
5.6
5.6
5.6
5.6
5.6
5.6
5.6
5.6
5.6
6.1
5.6
6.1
6.1
6.7
8.3
10.0
11.7
13.3
15.6
17.2
17.2
17.8
15.6
14.4
13.9
12.8
11.1
10.0
10.0
8.9
7.2
7.2
7.2
6.1
5.6
4.4
3.9
6.7
8.9
10.6
11.7
12.2
13.3
14.4
15.0
15.0
15.6
16.7
15.0
13.9
11.7
10.0
8.8
7.6
6.4
5.3
4.1
2.9
1.7
0.6
0.6
1.7
3.3
5.0
6.1
7.2
8.9
10.0
11.1
12.2
12.8
12.8
12.2
10.6
9.4
8.3
6.1
6.7
5.6
4.4
0.0
1.1
2.2
1.1
2.2
5.0
8.3
12.2
14.4
15.6
15.6
16.7
16.7
17.8
17.8
18.3
16.7
15.0
13.3
13.3
11.1
10.6
8.3
5.0
6.7
5.6
5.6
5.6
5.6
10.0
12.8
15.6
17.2
18.3
19.4
20.0
20.6
21.1
21.1
20.0
19.4
17.2
16.1
15.6
14.4
13.9
13.3
13.3
12.2
10.6
10.0
9.4
9.4
13.3
16.1
16.7
17.8
16.7
16.7
18.3
18.3
20.0
18.9
18.3
16.1
15.0
14.4
13.3
12.2
11.1
9.4
9.4
8.9
8.3
6.7
5.6
6.1
6.7
9.4
11.1
12.8
14.4
15.6
16.7
18.9
19.4
18.9
18.3
17.8
15.6
13.9
12.2
10.6
10.6
9.4
7.8
7.2
7.2
6.7
6.1
6.7
8.9
10.6
12.2
13.9
15.6
16.1
17.2
16.7
17.8
17.2
17.2
17.2
15.6
15.0
14.4
14.4
13.3
12.2
11.1
10.6
10.0
10.0
10.0
10.0
11.7
12.2
13.3
13.9
14.4
15.6
15.6
15.0
13.3
13.3
13.3
13.3
13.3
12.2
9.4
8.9
8.3
8.3
8.3
8.3
8.3
8.3
8.9
8.9
9.4
10.0
10.0
10.6
13.3
11.1
13.3
12.2
12.2
11.7
9.4
10.6
10.0
9.4
8.9
8.9
8.3
7.8
7.8
7.8
7.8
7.8
7.8
7.8
7.8
8.3
9.4
10.0
10.6
11.1
12.8
13.3
13.9
13.9
14.4
14.4
13.9
13.3
11.7
10.0
7.8
7.8
6.7
6.1
6.1
5.6
5.0
6.1
10.6
14.4
18.3
20.6
21.1
22.8
23.3
24.4
24.4
25.6
25.6
25.6
24.4
23.9
22.2
21.7
21.1
21.1
20.6
20.0
19.4
18.9
18.3
18.3
18.9
18.9
20.6
21.7
22.8
23.3
23.9
24.4
25.0
24.4
23.9
22.2
20.6
16.7
15.0
15.0
15.6
15.0
14.4
13.9
12.8
10.6
10.0
12.8
13.9
15.0
16.7
17.2
19.4
17.2
16.7
16.1
14.4
13.3
12.8
12.2
11.1
11.7
11.7
11.7
10.0
9.4
8.3
7.8
7.8
7.8
7.8
8.9
10.0
11.1
12.8
15.0
15.6
17.8
19.4
20.0
20.0
20.0
19.4
18.9
17.2
15.6
14.4
13.9
12.8
12.2
11.1
9.4
8.9
6.7
8.3
8.9
9.4
10.6
13.9
16.1
17.2
18.9
20.6
21.1
20.6
20.6
20.6
18.9
16.7
15.0
13.3
13.3
12.2
11.7
10.6
10.0
10.0
9.4
9.4
10.0
10.6
12.2
13.3
15.6
16.7
16.7
17.8
19.4
21.1
21.1
21.7
20.6
20.0
17.8
16.1
14.4
15.0
13.3
12.2
11.1
11.1
11.1
11.1
13.3
14.4
16.7
18.9
20.0
20.6
21.7
23.3
23.9
22.8
23.3
23.9
22.8
21.1
19.4
17.8
17.2
16.7
14.4
15.0
15.0
13.3
11.7
10.6
12.2
15.0
17.2
18.9
20.0
21.1
22.2
22.8
23.9
23.9
23.9
23.9
23.9
21.7
19.4
17.8
16.1
17.2
15.0
15.6
14.4
12.8
12.2
12.8
13.9
16.1
18.9
21.1
22.2
23.3
23.9
24.4
25.6
26.1
26.7
26.7
26.1
23.9
21.7
20.6
20.0
19.4
18.9
17.2
16.7
17.2
17.2
15.6
16.7
17.8
20.0
23.3
25.6
26.7
27.8
28.9
30.0
30.6
31.1
30.6
29.4
26.7
24.4
22.2
21.1
19.4
17.2
16.1
15.6
13.3
12.8
12.8
12.8
13.9
13.9
14.4
15.0
15.6
17.2
18.3
19.4
20.0
20.6
19.4
17.8
16.1
14.4
13.3
12.8
11.7
11.1
10.6
7.8
7.2
6.7
6.7
8.3
10.6
12.2
13.9
15.0
16.1
17.8
20.0
21.1
21.7
22.2
22.2
21.7
20.6
17.8
16.1
15.6
14.4
13.3
13.3
12.8
12.2
11.1
10.6
12.8
14.4
16.7
19.4
21.1
22.2
22.8
23.9
25.0
24.4
23.3
24.4
23.9
21.7
20.0
18.3
16.7
16.7
14.4
12.8
12.2
11.7
11.7
11.1
12.8
15.0
16.1
15.0
20.0
22.2
22.2
22.8
23.3
23.9
23.9
23.9
23.3
22.2
20.0
18.9
18.3
16.7
16.1
15.6
16.1
14.4
13.9
13.3
15.6
16.7
18.3
21.1
22.2
22.8
23.3
23.9
23.9
24.4
25.6
24.4
24.4
24.4
22.2
21.7
21.7
20.6
20.6
20.6
20.6
21.1
21.1
21.7
21.7
22.8
23.9
26.1
27.8
29.4
31.1
32.2
32.8
33.9
33.3
28.3
28.3
26.7
25.0
24.4
23.9
22.8
23.3
22.8
22.2
22.8
21.1
20.6
22.2
24.4
28.3
29.4
31.1
32.2
33.3
34.4
33.9
22.8
27.8
27.2
25.0
21.7
21.1
21.1
20.0
20.0
18.9
18.3
17.8
18.3
17.8
18.3
20.0
20.6
21.1
22.8
25.0
26.7
27.2
26.7
20.0
19.4
20.0
20.0
19.4
19.4
19.4
19.4
19.4
19.4
19.4
19.4
19.4
19.4
18.9
18.9
18.9
20.0
20.6
21.7
22.2
22.8
23.9
25.0
25.0
25.0
25.6
24.4
20.6
21.1
20.0
20.6
20.6
19.4
18.9
18.3
17.8
17.2
17.8
17.8
18.3
20.0
20.0
21.1
22.2
22.8
24.4
25.0
24.4
23.3
20.6
20.6
18.3
18.3
18.3
17.8
17.8
17.2
16.7
16.7
16.7
16.1
15.0
14.4
13.9
14.4
15.6
15.0
15.6
15.6
16.1
16.7
18.9
19.4
19.4
20.6
20.0
18.3
17.2
16.7
16.1
15.0
14.4
13.9
13.3
13.3
13.3
13.9
14.4
15.6
16.7
17.8
17.8
20.0
20.0
20.0
17.8
17.8
20.0
18.3
17.8
17.2
16.7
16.1
15.9
15.8
15.6
15.5
15.3
15.2
15.0
13.9
15.6
17.2
18.9
19.4
20.0
21.1
21.1
21.7
22.8
23.3
22.8
23.3
23.3
22.8
21.1
20.0
18.3
15.6
14.4
12.8
12.8
11.7
11.7
12.2
15.0
17.8
20.6
22.8
22.2
22.8
21.7
22.8
25.0
26.1
26.7
27.2
26.1
24.4
23.3
22.8
21.7
20.0
20.0
18.3
16.7
16.7
16.1
15.0
15.0
17.2
18.9
18.9
18.9
22.2
23.3
23.9
23.9
23.9
23.9
23.3
23.3
21.7
20.0
18.9
17.2
16.1
15.6
13.3
12.8
12.2
11.1
10.6
13.9
16.7
18.3
19.4
20.6
21.1
22.8
23.3
23.3
23.3
23.3
22.8
22.2
21.1
18.3
18.9
16.7
13.3
13.3
14.4
13.3
12.8
10.0
11.7
14.4
17.8
20.6
23.3
25.0
27.2
27.2
25.6
25.6
27.8
27.8
27.2
26.1
25.0
22.8
20.6
20.6
21.1
20.0
19.4
19.4
18.9
17.8
18.9
18.9
21.1
22.8
24.4
25.0
26.7
28.3
28.3
28.9
30.0
30.6
30.0
29.4
27.2
26.1
23.9
23.3
23.3
22.8
22.2
22.2
22.8
22.2
22.2
22.8
22.8
23.9
26.7
28.9
30.6
23.3
21.1
25.6
24.4
24.4
23.9
23.3
22.8
22.2
20.6
18.9
15.6
13.9
13.3
12.2
11.7
11.7
11.1
10.6
10.6
10.6
11.1
11.7
12.2
12.2
12.2
12.8
13.9
13.9
13.3
12.8
12.8
11.7
11.7
11.7
11.7
11.1
11.1
10.6
11.1
11.1
10.6
10.6
11.1
11.1
11.1
12.2
13.3
14.4
16.1
18.3
19.4
20.6
20.6
20.6
19.4
16.7
15.6
14.4
14.4
13.3
11.7
10.6
10.6
10.6
10.0
11.1
13.3
17.2
19.4
20.6
22.8
23.3
23.9
24.4
24.4
25.6
25.6
25.0
23.9
21.1
20.0
17.8
17.8
17.2
16.1
15.6
14.4
15.0
15.0
16.1
18.3
20.0
21.7
23.9
26.1
26.7
26.7
27.8
26.1
26.1
23.3
21.7
21.1
21.1
21.1
20.6
20.6
20.0
20.0
18.9
18.9
18.3
18.3
18.9
18.9
18.9
20.0
21.7
21.7
22.8
25.0
26.7
25.6
26.7
21.1
22.2
18.9
17.8
16.1
16.7
16.7
16.1
13.9
13.3
11.7
10.6
10.6
12.8
15.0
16.1
16.1
17.8
18.9
16.7
16.1
17.2
16.7
16.1
16.7
16.7
15.6
14.4
12.8
11.7
11.1
10.0
8.9
8.3
8.3
7.8
8.3
8.9
9.4
10.0
10.6
11.7
12.2
12.8
13.3
12.8
13.3
14.4
15.6
16.1
15.6
14.4
12.8
11.7
8.3
7.2
6.7
6.1
6.1
6.7
5.6
7.8
12.2
15.6
17.2
18.3
19.4
20.6
20.0
20.6
21.7
21.7
20.0
20.0
20.0
17.2
16.1
15.6
15.6
15.6
15.0
15.0
13.3
13.3
12.8
15.0
16.7
18.9
19.4
20.6
20.6
20.6
21.7
21.7
22.2
22.8
22.8
21.7
20.6
18.3
17.2
16.1
13.9
12.8
13.3
12.8
12.2
11.7
11.7
13.3
16.1
18.9
21.1
22.8
23.3
25.6
27.2
28.3
28.3
28.3
27.8
27.8
25.0
22.8
22.2
20.0
20.0
19.4
18.9
18.9
18.9
18.3
18.9
18.9
20.0
20.0
19.4
20.6
22.8
25.6
26.1
26.7
26.1
26.7
28.3
27.8
26.1
24.4
23.3
21.1
20.6
20.0
18.3
17.2
16.1
17.2
17.2
18.9
21.7
23.9
25.6
27.2
28.3
28.9
29.4
29.4
30.6
30.6
30.6
30.0
28.3
26.7
25.0
25.0
23.9
23.3
22.8
21.7
21.7
21.7
21.7
21.7
22.2
23.3
26.1
28.3
30.0
31.1
33.3
32.2
32.2
32.2
31.7
30.6
28.9
27.2
26.1
25.6
24.4
23.9
23.3
23.9
23.3
22.8
22.2
21.7
22.2
22.8
23.3
23.9
26.7
26.7
27.8
30.0
28.9
30.6
30.0
30.0
28.3
27.8
27.8
24.4
23.3
22.2
20.0
18.9
18.9
17.8
17.8
18.3
18.9
19.4
18.9
18.9
18.9
20.6
20.6
21.1
22.8
21.7
22.2
22.8
21.1
20.0
19.4
20.6
18.9
18.9
18.9
18.3
18.3
17.8
17.8
17.8
20.0
19.4
21.7
22.8
25.0
26.1
26.1
26.1
26.7
26.1
26.1
26.1
23.9
23.3
21.7
21.7
20.0
19.4
17.8
16.7
16.1
15.6
15.6
17.8
20.6
22.2
23.9
26.1
27.8
28.3
27.8
28.3
26.7
26.1
25.6
23.3
22.8
21.7
21.1
21.1
19.4
18.9
18.3
18.9
18.3
18.3
17.8
17.8
18.3
18.9
18.9
20.0
20.0
21.7
23.9
26.1
27.2
27.2
27.2
27.8
26.1
25.0
22.8
23.3
21.7
20.6
21.1
21.1
21.1
18.3
17.8
17.8
17.8
18.3
20.0
22.2
22.8
22.2
22.8
24.4
25.6
25.6
25.0
25.6
23.9
22.2
21.7
20.0
18.9
17.2
15.6
15.6
15.0
14.4
13.3
15.0
18.3
20.6
22.8
24.4
25.6
25.6
26.1
26.7
27.2
27.2
27.2
26.7
26.1
23.9
23.3
21.7
21.1
21.1
20.6
20.0
18.9
18.3
17.8
18.9
20.0
21.7
22.8
23.9
25.0
25.6
26.1
26.7
26.7
26.7
26.7
26.1
25.6
23.9
22.8
22.2
21.1
20.0
19.4
20.0
19.4
18.3
18.3
18.9
20.0
21.1
22.2
23.9
25.0
26.1
27.2
28.3
28.9
28.9
28.3
28.3
27.8
26.1
25.0
23.9
23.3
23.3
23.3
22.8
22.2
21.7
21.1
20.6
18.9
19.4
21.7
23.9
25.6
26.1
27.8
27.2
30.0
30.6
31.1
20.6
22.2
22.2
22.2
21.5
20.8
20.1
19.3
18.6
17.9
17.2
16.1
15.6
16.7
17.8
19.4
20.6
21.7
22.8
23.9
24.4
24.4
24.4
25.0
24.4
23.3
22.2
21.1
19.4
16.7
16.1
14.4
12.8
13.3
13.3
13.3
15.0
17.8
21.1
24.4
26.7
27.8
29.4
30.0
30.6
30.0
30.0
28.9
28.3
27.2
26.7
25.6
24.4
23.9
23.9
22.2
23.3
20.0
20.0
20.0
20.0
21.1
22.8
25.6
27.8
29.4
30.0
30.6
31.1
32.2
31.1
32.2
31.7
31.1
28.9
29.4
28.3
26.7
26.1
26.7
25.0
25.0
24.4
24.4
25.0
27.2
28.3
27.8
30.0
31.7
32.2
32.8
26.1
27.2
28.3
29.4
29.4
28.3
27.2
26.1
25.0
23.9
25.0
25.0
25.0
25.0
24.4
24.4
25.0
26.1
27.8
28.9
30.6
31.1
32.2
33.3
33.9
34.4
35.0
35.6
35.0
32.8
30.0
28.9
29.4
29.4
28.9
26.7
26.1
25.6
25.0
24.4
25.6
27.8
28.3
27.2
21.7
22.8
25.0
26.7
25.0
23.9
22.8
25.0
25.0
25.0
23.9
23.3
23.3
22.8
22.2
22.2
22.2
21.7
21.1
20.6
22.2
23.9
25.6
27.8
28.9
30.6
30.6
30.6
31.7
31.7
31.7
30.0
28.9
28.9
26.7
26.1
24.4
24.4
23.3
22.2
21.7
21.1
19.4
18.3
20.0
21.7
22.2
23.3
22.8
23.9
24.4
25.0
24.4
23.9
23.9
23.3
23.9
22.8
21.1
20.6
19.4
17.8
16.7
15.0
14.4
13.9
13.3
12.8
15.0
17.2
18.9
20.0
20.6
21.1
21.7
22.2
22.8
23.3
25.0
22.2
21.7
21.1
19.4
19.4
19.4
19.4
18.9
18.3
18.3
17.8
18.9
18.3
18.3
18.3
18.3
17.8
19.4
21.1
21.7
23.3
22.8
22.2
24.4
23.3
22.2
22.2
21.1
20.6
20.0
20.0
20.0
20.0
20.0
19.4
18.3
18.9
18.9
19.4
21.1
23.3
24.4
26.1
26.7
26.1
27.8
28.3
28.3
28.9
27.8
26.7
23.9
22.8
22.8
22.8
20.6
19.4
19.4
18.3
18.3
17.2
17.8
19.4
20.0
20.6
21.1
22.2
23.9
25.6
26.1
26.7
26.7
26.7
26.1
25.0
22.8
21.7
18.9
18.9
17.2
14.4
15.6
15.6
15.0
14.4
16.1
20.0
22.8
24.4
26.7
28.3
29.4
30.0
31.1
32.2
31.7
31.7
31.7
30.0
28.9
28.3
27.2
27.2
26.1
26.1
28.3
27.8
26.7
26.1
25.6
26.7
28.3
29.4
30.6
31.7
31.1
31.1
25.6
26.1
25.6
25.0
25.0
25.0
24.4
22.2
21.7
20.6
19.4
18.9
19.4
18.3
18.3
15.6
17.8
20.6
22.2
23.3
25.0
26.1
26.7
27.2
28.3
28.9
30.0
30.0
28.3
27.2
26.1
25.6
23.3
22.8
22.8
23.3
22.8
22.2
22.2
21.1
21.7
22.2
24.4
27.2
28.3
28.9
31.1
31.7
32.8
33.3
32.2
31.1
29.4
28.9
26.7
23.9
23.9
23.9
23.9
23.3
22.2
22.2
21.7
21.1
21.7
22.8
26.7
26.1
26.7
27.8
28.3
28.3
26.7
27.2
27.2
25.6
25.0
25.0
23.9
22.8
22.2
21.1
21.1
20.6
20.6
20.6
20.0
20.6
21.1
22.8
23.9
26.7
28.9
31.1
32.2
33.3
33.9
34.4
34.4
33.9
33.3
32.2
30.6
29.4
28.3
28.3
29.4
28.9
28.3
27.8
26.7
26.1
26.7
27.8
28.9
30.6
32.2
33.9
35.0
35.6
36.7
37.2
37.2
36.1
35.0
32.8
31.7
29.4
29.4
29.4
28.9
28.3
28.3
28.3
28.3
27.8
26.7
26.7
26.7
22.8
22.8
22.8
23.3
23.9
25.6
26.7
26.7
26.7
25.6
25.0
23.3
22.2
21.7
20.6
18.9
17.8
17.8
18.9
18.9
18.3
18.9
20.0
22.2
23.9
25.6
26.1
27.2
27.8
27.8
28.3
28.9
28.3
27.8
26.1
25.0
22.8
22.2
21.1
20.0
19.4
19.4
17.2
17.2
16.7
18.3
19.4
21.7
25.6
25.6
26.7
27.8
28.3
29.4
28.9
28.3
28.9
27.8
26.7
23.9
21.1
22.2
19.4
18.3
17.2
18.9
18.3
18.9
17.8
18.3
21.1
22.2
21.7
23.9
23.9
23.3
21.7
21.1
21.7
22.8
23.3
22.8
22.8
22.8
22.8
23.3
23.3
22.8
22.2
22.2
21.1
21.1
20.6
21.7
22.8
23.3
23.9
25.6
26.7
28.9
30.6
31.7
31.7
29.4
26.1
25.6
26.1
26.1
25.0
24.4
23.3
22.2
21.1
20.0
18.9
17.8
17.2
17.2
18.3
20.0
21.1
22.2
22.8
23.3
23.9
24.4
25.0
25.0
24.4
24.4
22.8
21.1
19.4
18.3
17.8
16.7
15.0
15.6
16.1
15.6
14.4
16.7
18.3
18.3
21.1
21.1
22.2
23.9
24.4
23.3
25.0
25.0
23.3
23.3
22.2
21.1
20.6
18.9
18.3
18.3
17.8
17.8
17.8
17.2
16.7
16.7
18.3
19.4
21.1
22.8
23.9
25.0
25.0
23.9
22.8
25.0
25.0
25.0
24.4
21.7
18.3
18.9
18.3
18.3
18.3
18.3
17.8
17.8
17.8
17.8
18.9
20.0
21.1
22.2
23.3
23.9
24.4
25.0
25.0
25.0
24.4
25.0
23.3
21.7
20.6
19.4
19.4
18.3
17.2
17.8
17.2
16.7
16.1
16.7
19.4
22.2
23.9
25.0
26.7
27.8
28.9
29.4
28.9
28.9
28.9
27.2
25.0
25.0
23.9
23.3
22.2
21.7
20.6
20.0
19.4
18.3
18.3
18.3
18.9
21.7
22.8
23.3
23.9
25.0
25.0
26.1
26.7
26.7
25.6
24.4
23.3
21.1
20.6
18.3
18.3
20.0
19.4
16.7
16.7
16.7
17.2
17.2
18.3
19.4
19.4
20.6
19.4
20.6
20.6
22.2
22.8
22.8
22.2
22.8
21.1
19.4
18.9
20.0
21.1
22.2
23.4
24.5
25.6
26.7
26.1
25.6
26.7
27.8
30.0
30.0
31.1
32.2
31.1
31.1
30.0
28.9
29.4
28.3
27.8
27.2
27.8
27.2
26.7
26.1
25.6
25.0
24.4
23.9
23.9
24.4
25.6
27.2
28.9
30.6
31.1
31.7
32.8
33.3
33.9
33.9
35.6
34.4
32.2
30.6
30.0
28.9
27.8
27.2
26.7
26.1
26.1
25.6
25.6
26.7
25.0
21.1
22.8
21.7
21.7
24.4
25.0
27.2
27.2
27.2
26.1
26.1
25.0
23.9
22.2
21.1
21.7
20.0
19.4
18.9
17.8
17.8
16.7
17.2
18.3
19.4
18.9
20.0
20.6
21.1
21.1
21.1
21.1
20.6
21.1
21.7
20.6
19.4
18.9
17.8
16.7
16.7
15.6
15.6
15.0
14.4
14.4
14.4
16.7
18.3
20.0
22.2
22.8
23.9
24.4
25.0
25.0
25.0
25.0
24.4
23.3
21.7
21.1
21.1
20.6
20.6
20.0
20.0
19.4
18.9
18.9
18.9
22.2
22.8
25.0
26.1
26.7
26.1
25.6
25.0
26.7
27.2
26.1
25.0
23.3
21.7
20.6
20.0
20.0
19.4
19.4
18.3
17.2
17.2
16.7
16.7
20.6
21.7
22.8
24.4
24.4
24.4
25.6
26.1
26.1
25.6
25.0
24.4
23.3
22.8
22.2
21.1
21.7
21.7
21.1
20.6
20.6
20.0
19.4
20.0
20.0
20.0
20.6
21.7
21.7
22.2
22.8
21.7
21.1
21.7
21.1
20.6
20.6
20.0
20.0
19.4
18.3
18.9
18.9
18.3
17.8
17.2
16.7
16.1
17.8
20.6
21.7
23.9
25.6
26.1
27.2
27.2
27.8
28.3
27.8
27.8
25.6
25.0
22.8
21.7
21.1
20.6
20.0
19.4
18.9
17.8
16.7
17.2
19.4
21.7
22.8
24.4
25.0
26.1
26.7
26.7
26.7
26.1
26.7
26.1
25.0
23.3
22.2
21.7
21.7
20.6
20.0
19.4
19.4
19.4
18.9
19.4
20.0
21.1
23.3
24.4
26.1
27.2
27.2
27.2
28.3
28.3
28.3
27.8
27.2
25.6
23.9
23.3
22.8
22.8
22.8
22.2
22.2
21.7
21.1
20.6
21.1
21.1
22.2
22.8
23.3
21.7
23.9
23.9
22.8
23.3
22.8
22.2
21.7
20.6
20.6
20.6
20.6
20.0
19.4
18.9
18.9
18.3
17.8
17.8
17.8
18.9
20.0
22.2
24.4
25.0
26.1
25.6
25.0
25.0
25.0
24.4
23.9
22.8
21.7
20.6
18.9
19.4
18.9
18.9
18.9
19.4
18.9
18.9
18.9
18.9
19.4
20.6
20.0
20.6
21.1
21.7
21.7
21.7
21.7
21.7
21.7
21.7
21.7
21.7
21.7
21.7
21.7
21.7
22.2
21.7
21.7
22.2
23.3
25.0
26.7
27.2
28.9
29.4
30.0
30.0
31.1
31.1
30.6
30.0
28.9
28.3
27.8
26.7
21.7
20.6
20.0
20.0
20.0
20.6
20.0
20.0
20.6
21.7
22.8
24.4
23.9
24.4
26.1
26.1
26.1
26.1
25.6
24.4
23.3
22.2
20.6
19.4
18.3
18.9
17.8
16.7
16.7
16.1
16.1
15.0
17.2
18.3
19.4
20.6
21.7
22.2
23.3
23.3
22.8
23.9
23.9
23.3
22.2
21.1
17.8
18.3
18.9
18.3
18.9
18.9
19.4
18.9
18.3
17.2
17.2
18.9
20.0
21.1
22.2
22.8
22.2
22.2
23.9
23.9
22.8
22.8
21.7
19.4
18.3
17.8
16.7
16.7
16.7
15.0
13.9
13.3
13.3
12.8
15.6
18.3
20.0
21.1
22.2
22.8
23.9
23.9
22.8
24.4
22.2
22.8
21.1
20.0
18.3
17.8
17.2
16.7
16.1
15.6
15.0
14.4
13.9
14.4
16.7
18.9
21.7
22.8
24.4
25.6
26.1
27.2
27.2
27.2
26.7
26.1
25.0
23.3
23.3
22.8
22.8
22.2
22.2
21.7
21.1
21.7
20.6
20.0
21.1
22.2
23.9
24.4
24.4
23.9
24.4
24.4
25.0
24.4
23.9
25.0
23.9
22.8
22.8
22.2
20.6
19.4
18.3
16.7
15.6
15.0
14.4
12.8
15.0
16.7
17.8
18.9
20.0
20.6
20.6
20.6
21.1
20.6
20.0
19.4
17.8
16.7
15.6
15.0
13.3
12.2
11.7
11.1
10.0
10.0
10.0
10.0
12.2
13.9
15.6
16.7
17.8
17.8
19.4
19.4
19.4
19.4
19.4
18.9
16.7
15.6
14.4
12.2
12.2
12.2
11.1
11.1
10.6
10.0
9.4
9.4
12.8
13.9
17.2
18.9
20.6
21.1
22.2
22.8
22.8
22.8
21.7
20.6
19.4
18.3
17.8
17.2
16.1
15.6
15.0
14.4
13.3
12.8
12.8
12.2
13.9
15.0
15.6
16.7
17.2
17.8
18.3
18.3
18.3
17.8
17.2
16.7
16.1
15.6
15.0
15.0
15.0
15.0
15.0
15.0
15.0
15.6
15.6
15.6
15.0
15.0
15.6
15.6
16.1
16.7
17.2
17.2
16.1
16.7
17.2
17.2
17.2
16.1
16.7
16.7
16.7
16.7
16.1
15.6
15.6
15.6
15.6
15.6
15.6
16.1
16.7
17.2
17.2
17.2
18.3
20.6
20.0
19.4
18.3
17.8
17.2
16.7
16.7
15.6
15.0
15.0
15.0
15.0
15.0
15.0
15.0
15.0
15.0
15.6
16.1
17.8
18.3
20.6
21.1
21.7
22.2
23.9
22.2
21.1
18.9
17.8
17.2
16.7
15.6
15.6
14.4
13.9
13.3
13.3
12.8
12.2
14.4
16.7
19.4
20.6
22.2
22.2
23.9
25.0
25.6
26.1
26.7
26.7
25.0
24.4
24.4
23.9
23.3
22.2
22.2
20.0
18.3
16.7
14.4
13.9
14.4
15.6
17.2
17.8
18.9
19.4
18.9
21.1
20.0
19.4
19.4
18.9
17.2
15.6
15.0
13.9
13.9
12.8
11.7
10.6
10.6
9.4
8.9
9.4
11.1
12.8
14.4
15.6
16.1
17.2
18.3
19.4
20.0
20.0
19.4
18.3
17.8
16.7
15.0
14.8
14.7
14.5
14.4
14.2
14.1
13.9
13.9
13.9
16.7
19.4
21.7
23.3
25.6
25.6
26.1
26.7
26.7
26.1
25.6
24.4
22.2
20.0
19.4
18.3
18.9
18.3
17.2
17.2
17.2
17.2
16.7
17.2
18.9
20.6
22.8
23.9
25.0
25.6
26.7
28.3
26.1
27.8
28.3
25.6
24.4
23.9
23.9
22.2
22.2
21.7
21.1
20.6
19.4
18.9
18.9
18.9
19.4
21.7
24.4
26.1
26.1
27.8
28.9
28.9
28.9
29.4
28.9
27.8
25.6
24.4
23.3
22.8
22.8
21.7
20.6
19.4
20.0
18.3
18.3
17.8
19.4
21.7
22.2
25.0
27.2
28.3
29.4
30.0
30.6
30.0
29.4
27.8
25.6
23.9
22.2
22.8
21.7
21.7
20.6
19.4
19.4
18.3
18.3
17.8
19.4
21.1
22.8
23.9
26.1
27.8
28.9
28.9
28.3
27.8
26.7
25.6
25.0
25.0
24.4
24.4
23.9
23.3
23.3
22.8
22.8
22.8
22.2
22.8
22.8
23.9
24.4
24.4
26.7
27.8
28.9
29.4
28.3
27.2
26.1
25.0
23.3
22.8
22.8
21.7
17.2
15.6
15.0
13.3
12.8
11.7
11.7
11.7
11.1
11.1
11.7
11.7
13.3
14.4
15.6
15.0
15.6
16.1
15.6
14.4
13.3
11.7
11.1
10.6
10.0
8.3
7.8
7.8
6.1
6.1
5.0
5.6
7.8
10.6
12.2
14.4
15.0
15.6
17.2
17.8
18.9
18.3
18.3
16.1
13.9
13.3
12.2
11.7
10.0
8.3
8.3
8.3
8.3
7.2
7.8
7.8
10.0
13.9
16.7
17.8
18.9
20.0
20.6
21.1
20.0
22.2
20.6
18.9
17.2
16.1
13.9
15.0
13.9
13.3
12.2
11.7
11.1
10.0
10.0
10.0
11.7
13.9
16.1
18.3
20.0
20.0
20.6
22.8
22.8
22.2
22.2
19.4
17.2
16.7
15.6
14.4
15.0
15.6
13.3
13.3
12.8
12.8
12.2
11.7
14.4
16.1
18.3
19.4
21.1
22.2
22.8
22.8
23.9
22.8
22.8
21.1
19.4
17.2
17.2
15.6
15.6
15.6
15.6
15.6
15.0
16.1
16.1
16.1
17.2
19.4
20.6
21.7
23.3
23.9
23.9
23.9
23.3
23.3
23.3
21.7
20.0
19.4
18.9
17.2
17.2
16.1
16.1
17.2
16.7
16.1
15.6
14.4
15.6
19.4
22.8
25.6
26.7
27.8
28.3
27.2
26.7
26.1
25.6
22.8
21.1
19.4
17.2
16.1
16.7
15.6
16.1
15.0
13.9
11.7
11.7
11.1
11.7
13.9
15.6
15.6
17.2
17.8
18.3
20.0
19.4
20.0
20.0
18.3
16.7
14.4
13.3
12.2
11.7
11.1
11.1
10.0
10.6
11.1
11.1
11.7
12.8
13.3
12.8
12.8
13.3
14.4
18.3
23.9
25.6
25.6
25.0
23.9
21.7
21.1
21.1
21.1
20.0
21.1
22.8
21.7
21.7
21.7
20.0
18.9
20.0
20.0
21.7
22.2
22.8
22.8
21.7
21.1
19.4
18.9
18.3
16.1
14.4
12.8
12.2
12.2
10.0
11.7
10.6
9.4
8.3
7.2
6.7
6.7
8.9
12.2
13.9
14.4
15.6
17.2
17.8
18.9
18.9
18.9
17.8
16.1
15.6
15.6
15.0
14.4
13.9
13.9
12.8
12.8
11.7
12.2
11.7
11.7
11.7
13.3
15.6
16.7
18.3
19.4
18.9
18.3
18.9
17.8
16.7
15.6
14.4
13.3
12.8
12.8
12.2
11.7
11.7
11.7
11.7
12.2
12.2
12.2
12.8
12.8
11.1
10.6
10.0
8.9
9.4
9.4
8.9
9.4
10.0
10.0
9.4
8.3
7.2
6.1
6.7
6.7
5.6
5.6
4.4
2.8
2.2
2.2
3.3
7.2
9.4
9.4
10.0
10.0
10.6
10.6
11.1
10.6
10.6
9.4
8.9
7.8
6.7
5.0
3.9
3.9
4.4
4.4
4.4
2.8
3.3
2.2
2.2
5.6
7.2
7.2
6.1
5.0
5.0
5.0
4.4
6.1
6.7
4.4
2.8
2.8
1.7
2.2
2.8
2.8
1.7
2.2
1.7
1.1
0.6
0.0
1.1
2.2
3.3
4.4
6.1
6.7
7.2
8.3
9.4
10.0
9.4
7.8
5.6
5.0
4.4
4.4
4.4
3.9
3.9
4.4
5.0
4.4
4.4
4.4
4.4
5.6
8.3
11.1
13.3
13.9
13.3
13.9
13.3
12.8
11.7
11.1
10.6
10.6
10.0
10.0
9.4
9.4
8.9
8.9
8.3
8.9
7.8
7.2
7.8
7.8
7.8
8.3
8.3
8.3
8.3
8.9
8.9
8.9
8.3
8.3
8.3
8.3
8.3
7.8
7.2
7.8
7.2
3.9
3.3
4.4
4.4
5.6
6.1
6.1
7.2
11.7
15.0
17.2
17.2
17.8
18.3
18.3
17.8
17.2
15.6
15.0
13.9
13.3
12.8
11.1
10.6
8.3
9.4
7.8
7.2
7.8
7.8
11.7
15.6
18.3
21.1
22.2
23.3
23.3
23.3
22.8
21.7
19.4
16.1
13.3
12.2
12.2
12.2
10.0
8.3
8.3
8.9
8.3
7.8
7.8
8.3
12.2
16.1
20.0
21.7
22.8
23.9
24.4
23.9
23.9
22.8
20.6
18.3
17.8
15.6
15.6
15.0
14.4
13.9
12.8
12.8
12.2
11.7
12.2
13.3
16.7
17.2
20.6
22.2
25.6
26.7
26.7
26.1
26.7
26.1
25.0
21.7
21.1
20.6
19.4
19.4
18.3
17.8
17.2
17.2
18.3
17.8
17.8
17.8
18.3
18.9
20.0
20.0
18.3
18.3
18.9
18.3
18.3
18.3
18.3
18.9
18.9
18.9
19.4
17.8
17.8
17.8
17.8
17.8
17.8
17.8
17.8
18.3
18.9
20.0
21.7
22.2
23.9
24.4
25.6
24.4
21.7
22.8
21.1
18.3
17.2
15.6
14.1
12.6
11.1
9.5
8.0
6.5
5.0
4.4
4.4
5.0
6.7
8.3
11.1
12.2
13.3
13.3
14.4
13.9
15.0
13.3
11.7
10.6
8.9
7.8
6.7
6.7
5.0
4.4
2.8
2.8
1.7
2.2
1.7
2.8
6.1
8.9
11.7
12.8
13.9
14.4
15.0
15.6
15.0
14.4
11.1
11.1
7.2
6.7
6.1
3.9
4.4
2.8
3.3
2.8
2.8
2.2
1.7
2.2
6.1
8.9
12.2
14.4
15.0
15.6
16.7
16.7
16.1
15.0
12.2
10.0
10.6
9.4
8.3
7.8
7.2
6.7
5.0
5.0
5.0
5.0
5.6
6.1
8.3
10.6
12.2
12.8
14.4
16.7
17.8
16.1
13.9
13.3
12.8
12.8
12.2
11.7
11.1
10.6
8.3
6.7
6.1
5.0
2.8
1.7
0.6
2.2
6.1
9.4
10.0
11.1
11.7
12.2
12.8
12.8
11.1
10.0
8.9
7.8
6.7
6.7
6.1
5.6
5.6
5.0
5.0
4.4
2.8
3.3
2.2
2.8
6.1
6.7
7.2
7.8
7.8
8.3
9.4
10.0
8.3
8.9
7.8
5.6
4.4
4.4
5.6
5.6
5.0
3.3
4.4
5.0
5.0
5.6
5.6
5.6
5.6
6.1
6.1
6.1
6.1
6.1
5.6
5.0
4.4
3.9
3.9
3.3
2.8
2.8
3.3
3.9
4.4
4.4
5.0
3.9
3.9
3.3
3.3
3.3
3.3
3.3
3.9
4.4
4.4
5.0
5.0
5.6
5.6
5.6
5.6
5.6
5.6
5.6
5.6
5.6
5.6
5.0
3.9
3.3
2.8
2.2
1.1
1.7
2.8
3.3
5.6
6.7
8.3
11.1
11.7
12.2
11.7
10.0
8.9
8.9
7.8
6.7
8.3
8.3
8.3
6.7
6.7
6.7
5.6
6.1
5.6
5.6
7.2
9.4
7.8
6.1
4.4
2.8
0.0
0.0
0.6
0.6
0.6
1.1
1.7
1.7
1.7
2.2
2.8
2.2
2.2
2.2
1.7
0.6
0.6
2.8
4.4
4.4
5.0
5.6
5.6
5.6
5.6
5.6
6.1
6.1
5.6
5.6
5.6
4.4
3.9
3.9
2.8
2.2
1.1
1.1
1.7
1.7
0.6
0.6
2.2
3.9
5.0
7.2
8.9
9.4
10.6
10.0
10.0
8.9
7.8
3.9
5.0
3.9
3.9
2.8
2.2
1.1
1.1
0.0
0.0
0.0
0.0
0.6
3.9
7.2
11.7
15.0
17.2
18.9
19.4
19.4
18.9
16.7
14.4
12.2
9.4
11.1
11.1
10.0
8.9
8.3
8.3
7.2
7.2
7.2
8.3
8.3
10.6
12.2
13.3
15.0
16.1
17.2
16.1
15.6
15.0
13.3
12.8
12.2
11.1
10.0
8.9
8.3
7.8
6.7
6.1
5.0
5.0
4.4
3.3
3.3
3.9
5.0
6.7
7.8
8.3
9.4
8.9
8.3
7.8
7.2
6.1
5.0
3.3
3.9
2.2
1.7
1.1
1.1
-0.6
-1.7
-0.6
-1.1
-1.7
-2.2
1.1
4.4
7.8
10.0
12.2
13.3
13.9
13.3
12.8
11.7
7.8
7.2
6.7
6.7
6.1
5.6
5.0
6.7
5.6
3.3
6.7
6.1
5.6
5.6
8.9
11.1
12.2
13.3
13.9
14.4
13.3
11.7
10.6
10.6
10.6
10.0
11.7
10.0
10.6
10.6
9.4
9.4
8.9
8.9
8.9
8.9
8.9
8.3
7.8
7.8
7.8
8.3
8.9
9.4
10.6
11.7
12.2
11.7
10.0
6.7
6.7
6.1
4.4
3.9
2.8
2.8
1.1
1.7
-0.6
0.0
0.6
0.6
1.7
6.1
8.3
11.1
13.3
14.4
15.0
15.6
15.6
12.2
10.0
8.9
7.2
6.7
8.3
6.7
5.0
6.1
6.1
5.0
5.0
5.6
5.0
5.6
8.3
12.8
16.1
17.2
20.6
21.1
21.7
22.2
21.1
18.3
16.1
15.0
12.8
11.7
11.7
11.1
8.3
7.8
8.3
7.8
6.1
6.7
5.6
4.4
8.3
9.4
12.2
14.4
16.7
16.1
16.1
17.8
17.2
15.0
14.4
13.9
13.3
11.7
10.0
7.8
6.7
6.1
4.4
3.3
2.8
2.2
0.6
0.6
2.8
4.4
6.1
7.2
8.9
8.3
10.6
10.6
9.4
7.8
7.2
6.1
5.0
6.1
5.6
5.0
5.6
4.4
3.9
2.8
2.8
3.9
4.4
3.9
3.9
5.0
5.6
6.1
7.8
8.3
8.9
9.4
9.4
9.4
9.4
9.4
8.3
7.2
6.7
7.2
7.2
7.8
7.8
7.8
7.8
8.3
7.8
8.3
8.3
8.3
8.9
8.9
9.4
10.0
10.0
9.4
9.4
9.4
9.4
9.4
9.4
9.4
9.4
9.4
9.4
9.4
9.4
8.9
7.8
8.3
8.3
8.3
8.3
8.9
9.4
9.4
11.1
11.7
11.7
11.7
11.1
10.6
9.4
7.8
6.7
7.2
7.2
7.2
6.7
6.1
6.7
5.6
5.0
3.9
3.9
3.9
5.6
8.9
12.2
13.9
16.1
17.2
17.8
17.2
16.7
13.3
10.6
9.4
9.4
8.9
8.3
10.6
9.4
9.4
9.4
9.4
9.4
10.0
10.6
10.6
9.4
11.7
14.4
17.2
18.3
19.4
19.4
19.4
19.4
15.0
15.0
11.7
7.8
7.2
6.7
5.0
6.1
6.7
4.4
3.3
2.2
2.8
5.0
5.6
6.7
9.4
12.2
15.0
16.1
16.7
16.7
16.7
15.0
14.4
12.8
11.1
10.0
8.9
8.3
7.2
8.9
7.2
6.7
7.2
7.2
6.7
6.7
7.2
7.8
9.4
12.8
14.4
16.1
16.1
16.7
16.7
15.6
13.9
13.3
13.3
13.3
12.2
11.1
10.6
10.6
8.9
7.2
6.7
6.7
7.2
7.2
7.2
7.2
7.8
8.3
10.6
11.7
12.8
13.3
13.3
13.3
13.3
12.8
12.2
12.2
11.7
9.4
9.4
8.9
8.3
8.9
8.9
8.9
8.9
8.9
8.9
9.4
9.4
10.6
12.8
13.9
15.6
16.1
15.0
14.4
11.7
11.1
9.4
10.0
8.9
7.4
5.9
4.4
2.8
1.3
-0.1
-1.7
-1.7
-2.2
-1.7
-1.7
-1.1
0.0
0.6
1.1
1.1
1.7
1.7
1.7
1.7
1.7
1.7
1.7
2.2
2.2
2.2
2.2
2.2
2.2
2.2
2.2
2.2
1.7
1.7
1.7
2.2
2.2
3.3
4.4
5.0
5.6
5.0
4.4
3.9
3.3
2.8
2.8
2.8
2.8
2.2
2.2
1.7
1.1
0.0
0.0
-0.6
-0.6
-0.6
-0.6
-1.1
-1.7
-1.1
-1.1
-0.6
0.0
0.0
0.6
0.6
0.6
0.6
0.6
1.1
0.6
0.6
0.6
0.6
0.6
0.6
0.6
0.6
0.6
0.6
0.6
0.6
1.1
0.6
1.1
0.6
1.1
1.1
1.1
1.1
0.6
0.6
0.6
0.6
-0.6
-0.6
-0.6
-1.1
-1.1
-1.7
-1.7
-1.7
-1.7
-1.7
-1.7
-2.2
-2.2
-1.7
-1.7
-1.7
-1.7
-1.1
-1.7
-2.8
-3.3
-3.9
-4.4
-5.6
-6.7
-6.7
-7.2
-7.8
-8.3
-9.4
-10.0
-10.0
-10.6
-10.6
-10.0
-8.3
-5.6
-2.8
-1.1
0.0
1.1
0.6
0.0
-1.1
-1.7
-2.2
-2.8
-2.8
-3.9
-4.4
-4.4
-5.0
-5.0
-5.6
-6.1
-6.1
-7.2
-7.8
-7.8
-7.2
-7.2
-6.7
-5.6
-5.6
-5.6
-5.6
-6.7
-7.8
-8.3
-8.9
-9.4
-9.4
-9.4
-9.4
-9.4
-9.4
-10.0
-9.4
-8.9
-9.4
-9.4
-9.4
-9.4
-8.3
-6.7
-6.1
-5.0
-4.4
-3.3
-2.8
-2.8
-3.3
-4.4
-4.4
-5.6
-5.6
-6.1
-6.7
-6.7
-7.2
-7.2
-7.2
-7.8
-7.8
-8.3
-8.3
-6.7
-3.3
-0.6
2.2
3.9
5.6
6.1
6.7
6.7
5.6
3.3
3.9
3.3
3.3
3.3
2.8
2.8
2.8
2.8
3.3
3.3
3.3
3.3
3.9
3.3
3.9
3.9
5.0
5.6
5.6
5.0
4.4
4.4
5.0
4.4
4.4
4.4
5.0
5.0
5.6
5.6
6.1
6.7
6.7
6.1
5.0
3.9
3.3
3.3
4.4
6.1
8.3
10.6
13.3
14.4
15.0
13.9
11.1
8.9
7.8
6.1
6.1
5.6
4.4
3.3
4.4
4.4
4.4
4.4
2.8
3.9
3.3
2.8
3.3
3.9
1.7
0.6
0.6
1.1
2.8
2.2
1.7
0.6
0.0
-0.6
-1.1
-1.1
-1.7
-2.2
-1.7
-1.7
-2.2
-3.3
-3.9
-4.4
-5.0
-5.6
-4.4
-2.8
-1.1
-0.6
0.6
1.7
2.2
1.7
1.1
0.6
0.0
-1.7
-1.7
-2.2
-1.1
0.6
0.6
0.6
0.0
0.0
0.0
0.0
0.6
1.1
2.2
3.3
5.0
6.7
6.7
7.2
7.2
5.6
5.6
5.6
5.6
5.0
5.0
5.0
5.0
4.4
4.4
4.4
4.4
3.9
3.9
3.9
3.9
4.4
4.4
5.0
5.0
5.0
5.0
5.0
5.0
5.0
5.0
5.0
5.0
5.6
5.6
5.6
5.6
5.6
5.6
5.6
5.6
5.6
5.6
5.6
5.6
5.6
5.6
6.1
4.4
3.9
4.4
5.0
5.0
5.6
5.6
5.0
5.0
5.0
5.0
4.4
4.4
4.4
5.0
4.4
4.4
4.4
5.0
5.0
5.6
6.1
6.7
8.3
10.6
11.1
11.1
11.1
11.1
10.6
10.0
9.4
8.9
8.9
9.4
9.4
9.4
10.0
9.4
9.4
9.4
9.4
9.4
8.9
7.2
5.0
5.6
6.7
8.9
9.4
9.4
10.0
10.0
8.9
7.2
6.1
5.6
5.0
4.4
3.9
3.3
2.2
1.1
1.7
2.2
1.7
2.2
3.3
3.3
5.0
6.7
7.8
8.9
9.4
10.0
10.6
10.6
9.4
7.8
7.8
7.2
5.6
5.0
5.0
3.9
6.1
4.4
3.3
5.0
6.1
7.2
9.4
8.9
8.9
9.4
10.6
11.7
12.2
12.2
12.2
11.1
9.4
8.3
6.1
4.4
2.8
2.2
2.2
1.7
0.6
0.0
-0.6
-1.1
-1.7
-2.8
-2.8
-3.3
-2.8
-2.2
-2.2
-1.7
-0.6
0.0
0.0
0.0
0.6
0.0
0.0
0.0
0.6
0.0
0.0
0.0
0.0
0.0
-0.6
-1.1
-1.1
-1.1
-1.1
-0.6
-0.6
0.0
0.6
0.6
1.1
0.6
0.6
0.6
0.6
-0.6
-0.6
-0.6
-0.6
-0.6
-1.1
-1.1
-1.1
-1.1
-1.7
-1.7
-1.1
-0.6
0.0
-0.6
-1.1
-1.1
-3.3
-3.9
-4.4
-5.0
-5.6
-6.1
-6.1
-6.7
-7.2
-7.8
-7.8
-8.3
-8.3
-8.3
-9.4
-9.4
-10.0
-8.9
-9.4
-10.6
-11.1
-11.7
-12.2
-11.7
-10.6
-9.4
-8.9
-8.3
-7.8
-8.3
-9.4
-10.6
-11.1
-11.1
-11.7
-11.1
-10.6
-10.6
-10.0
-8.9
-7.2
-6.1
-4.4
-2.8
-1.7
-1.7
-1.1
-1.1
0.0
0.6
1.7
1.7
1.7
1.7
1.1
0.6
0.0
0.0
-0.6
-1.1
-2.2
-3.3
-4.4
-5.0
-6.1
-6.7
-6.1
-8.3
-7.2
-7.2
-6.7
-5.6
-3.3
-1.7
0.0
1.1
2.2
2.2
2.2
1.7
1.1
1.7
1.1
0.0
0.0
0.6
0.6
0.0
0.0
-1.1
-1.1
-1.7
-1.7
-1.7
-2.2
-2.8
-2.8
-1.1
-0.6
-0.6
-1.1
-1.1
-2.2
-2.8
-3.3
-3.9
-3.9
-3.9
-3.9
-3.9
-3.9
-3.9
-3.3
-3.3
-3.9
-4.4
-4.4
-5.0
-5.0
-5.0
-4.4
-4.4
-3.9
-3.3
-3.9
-4.4
-5.0
-5.6
-5.6
-5.6
-6.1
-6.1
-6.1
-7.2
-7.8
-8.9
-10.0
-9.4
-9.4
-10.0
-8.9
-8.3
-7.2
-5.0
-2.8
-0.6
-0.6
0.0
0.6
1.1
1.7
2.2
1.1
0.6
0.0
0.6
0.6
0.0
-1.1
-0.6
-0.6
-0.6
-1.7
-1.7
-1.7
-1.1
0.0
2.2
4.4
6.1
6.1
6.1
6.1
5.6
4.4
3.3
2.8
1.7
1.1
0.0
-0.1
-0.4
-0.6
-0.9
-1.1
-1.4
-1.7
-2.2
-2.2
-2.8
-3.9
-3.9
-3.3
-3.3
-3.3
-2.8
-1.1
-1.1
-1.7
-3.3
-3.9
-5.0
-3.9
-3.9
-3.3
-3.3
-3.3
-3.3
-2.8
-2.8
-2.8
-2.2
-1.7
-1.1
-1.1
0.0
2.2
3.3
4.4
5.6
5.6
5.6
4.4
3.9
2.8
1.1
1.1
1.1
1.1
0.6
0.0
-0.6
-1.1
-1.7
-2.8
-3.9
-3.9
-5.6
-5.0
-2.2
2.2
4.4
5.0
5.6
5.6
3.3
2.2
1.7
0.6
-1.1
-3.9
-4.4
-5.6
-6.7
-6.7
-6.7
-7.2
-8.9
-8.3
-9.4
-8.9
-8.3
-7.2
-6.1
-5.0
-3.9
-2.2
-1.1
0.0
0.6
1.1
1.7
2.2
2.2
2.2
2.2
2.2
2.8
2.8
1.7
1.1
2.8
3.3
-3.3
-5.6
-6.1
-6.7
-6.7
-6.7
-6.1
-5.0
-4.4
-4.4
-4.4
-5.0
-5.6
-6.1
-6.1
-6.1
-6.7
-6.7
-7.2
-7.8
-7.8
-7.8
-8.3
-8.3
-8.9
-8.9
-10.0
-10.0
-8.9
-7.8
-6.7
-6.1
-5.6
-5.0
-4.4
-5.0
-6.1
-6.7
-7.2
-7.2
-7.8
-8.3
-8.9
-10.0
-10.0
-11.1
-12.2
-12.8
-12.8
-13.3
-14.4
-13.9
-12.2
-10.6
-8.9
-7.2
-6.1
-5.6
-5.6
-6.1
-7.8
-8.9
-9.4
-8.9
-8.9
-7.8
-7.2
-6.7
-6.1
-5.6
-5.0
-5.6
-5.6
-5.6
-5.0
-4.4
-3.9
-3.3
-3.3
-3.3
-5.6
-14.4
-16.1
-17.2
-18.3
-19.4
-20.6
-21.1
-21.7
-21.7
-21.7
-21.7
-22.2
-22.2
-22.2
-22.2
-22.2
-22.8
-22.8
-22.8
-22.2
-21.7
-21.1
-20.6
-19.4
-18.3
-18.3
-18.3
-18.9
-18.9
-19.4
-19.4
-20.0
-20.0
-19.4
-19.4
-19.4
-20.6
-20.6
-20.6
-22.2
-22.2
-22.8
-22.2
-20.0
-18.9
-18.3
-18.3
-17.8
-17.2
-17.2
-18.3
-18.9
-19.4
-20.0
-20.0
-20.6
-21.1
-21.7
-22.2
-22.8
-22.8
-22.2
-22.8
-22.8
-22.8
-22.8
-22.8
-22.2
-21.7
-20.6
-20.6
-20.0
-20.0
-20.6
-20.0
-20.6
-20.6
-20.0
-20.0
-20.0
-20.0
-20.0
-20.0
-20.0
-19.4
-19.4
-19.4
-19.4
-19.4
-19.4
-19.4
-19.4
-18.3
-17.2
-16.7
-16.1
-15.6
-16.1
-16.1
-15.6
-15.0
-15.0
-13.9
-13.3
-13.3
-12.8
-12.8
-12.2
-11.7
-11.7
-11.1
-10.6
-10.0
-9.4
-8.9
-8.3
-7.8
-7.2
-6.7
-6.7
-5.6
-5.0
-4.4
-3.3
-2.2
-2.2
-1.7
-1.1
-1.1
-1.1
-1.7
-1.7
-1.7
-1.7
-1.7
-1.1
-0.6
-1.1
-1.7
-2.8
-2.8
-1.7
-0.6
0.6
1.1
1.1
0.6
-2.2
-4.4
-5.6
-6.7
-7.2
-8.3
-9.4
-10.0
-10.6
-11.1
-11.1
-12.2
-12.8
-12.8
-13.3
-13.9
-12.8
-11.1
-10.0
-9.4
-7.8
-7.8
-7.2
-7.8
-9.4
-10.0
-11.1
-11.1
-11.1
-11.1
-12.2
-11.1
-11.1
-11.7
-11.1
-11.1
-10.6
-10.6
-10.6
-10.6
-10.0
-8.9
-7.8
-6.7
-5.6
-4.4
-4.4
-4.4
-4.4
-4.4
-5.6
-5.6
-5.6
-5.6
-6.1
-6.7
-6.7
-7.2
-6.7
-7.2
-7.2
-7.2
-6.7
-6.7
-6.7
-4.4
-3.3
-2.2
-1.7
-1.1
-0.6
-1.1
-1.1
-1.1
-1.1
-2.2
-2.8
-3.3
-3.3
-3.3
-2.8
-3.3
-3.3
-3.3
-3.3
-3.9
-3.9
-3.3
-3.3
-2.2
-1.1
-0.6
-0.6
-0.6
-1.1
-1.1
-1.1
-0.6
-0.6
-0.6
0.0
0.0
0.0
-0.6
-0.6
-1.1
-1.1
-1.1
-1.1
-1.7
-1.1
-1.1
-1.1
-1.1
-0.6
0.0
0.0
0.0
0.6
-0.6
-1.7
-1.7
-2.2
-2.8
-3.9
-5.6
-6.7
-7.2
-7.2
-7.2
-7.2
-7.2
-8.3
-9.4
-10.6
-10.6
-9.4
-7.8
-7.2
-6.7
-6.1
-6.1
-6.7
-7.2
-7.8
-8.3
-8.3
-8.3
-8.9
-8.9
-8.9
-9.4
-9.4
-8.9
-8.3
-8.3
-8.3
-7.8
-7.8
-7.8
-7.8
-7.2
-6.1
-3.9
-4.4
-2.8
-3.9
-4.4
-6.7
-7.8
-7.2
-6.7
-7.2
-7.2
-8.3
-8.9
-10.6
-10.6
-11.7
-11.7
-10.0
-9.4
-8.3
-7.8
-7.2
-6.7
-5.6
-5.6
-5.0
-4.4
-4.4
-3.9
-4.4
-4.4
-4.4
-5.0
-5.6
-5.0
-5.0
-5.0
-5.0
-5.0
-5.6
-5.6
-5.6
-5.6
-5.6
-5.6
-5.6
-5.6
-5.0
-5.0
-4.4
-3.9
-3.3
-3.9
-5.0
-5.6
-6.1
-6.1
-6.7
-7.2
-7.2
-6.1
-3.9
-3.9
-4.4
-5.0
-4.4
-3.9
-3.9
-3.9
-3.9
-3.9
-3.3
-2.8
-2.8
-3.3
-3.9
-3.9
-3.9
-4.4
-4.4
-4.4
-5.0
-5.0
-6.1
-7.2
-8.3
-8.9
-9.4
-8.9
-9.4
-9.4
-8.9
-8.9
-8.9
-7.2
-7.2
-6.1
-6.1
-6.1
-6.7
-6.7
-7.2
-7.2
-7.8
-7.2
-7.2
-6.7
-6.1
-6.1
-4.4
-4.4
-3.3
-3.3
-3.3
-3.3
-3.9
-3.9
-3.3
-2.8
-2.2
-2.2
-1.7
-1.1
-1.1
-1.1
-2.2
-2.2
-2.8
-3.3
-3.3
-3.9
-4.4
-4.4
-5.6
-6.1
-6.1
-6.7
-6.7
-6.7
-7.2
-7.2
-7.2
-6.7
-5.0
-3.9
-4.4
-3.9
-5.0
-6.1
-7.2
-8.3
-8.9
-8.9
-9.4
-10.0
-10.6
-11.1
-11.7
-13.3
-12.8
-13.3
-13.3
-12.8
-12.8
-11.7
-10.6
-10.0
-7.8
-5.0
-3.9
-3.9
-3.3
-3.3
-4.4
-5.6
-5.6
-6.7
-7.2
-7.2
-8.3
-6.7
-7.2
-7.2
-7.8
-7.2
-6.7
-6.1
-5.6
-5.0
-4.4
-3.9
-3.9
-3.3
-2.8
-2.8
-2.2
-1.1
-1.1
-0.6
-1.1
-0.6
0.0
-1.1
-2.2
-3.9
-4.4
-5.0
-6.1
-5.6
-5.0
-4.4
-4.4
-4.4
-3.9
-3.3
-2.2
-0.6
0.0
0.0
0.0
0.0
0.0
0.0
-0.6
-0.6
-0.6
-0.6
-1.1
-1.1
-1.1
-1.1
-1.1
-1.1
-1.1
-1.1
-1.1
-1.1
-1.1
-0.6
-0.6
0.0
0.0
0.0
0.0
0.0
0.0
0.0
0.0
0.0
0.0
0.0
-0.6
