-7.8
8.0
8.0
8.0
7.0
7.0
7.0
7.0
7.0
7.0
8.0
9.0
9.0
10.0
10.0
12.0
18.0
17.0
17.0
17.0
17.0
16.0
16.0
16.0
16.0
16.0
8.0
7.0
4.0
3.0
3.0
2.0
2.0
2.0
2.0
2.0
2.0
2.0
2.0
2.0
2.0
2.0
2.0
2.0
1.0
1.0
1.0
1.0
1.0
1.0
1.0
1.0
1.0
1.0
1.0
1.0
1.0
1.0
2.0
2.0
2.0
2.0
2.0
2.0
1.0
1.0
1.0
0.0
0.0
0.0
-1.0
-1.0
-1.0
-1.0
-1.0
-1.0
-1.0
-1.0
-1.0
-1.0
-1.0
-1.0
-1.0
-1.0
-1.0
-0.5
0.0
0.0
0.0
0.0
0.0
-0.4
-0.8
-0.8
-0.9
-0.9
-1.1
-1.0
-1.0
-2.0
-2.0
-2.0
-2.0
-2.0
-3.0
-3.0
-4.0
-4.0
-3.0
-4.0
-4.0
-4.0
-5.0
-6.0
-6.0
-7.0
-7.0
-8.0
-9.0
-9.0
-10.0
-11.0
-11.0
-12.0
-13.0
-14.0
-14.0
-14.0
-14.0
-14.0
-12.5
-11.0
-10.0
-9.0
-9.0
-8.0
-8.0
-8.0
-8.0
-8.0
-8.0
-8.0
-8.0
-8.0
-8.0
-8.0
-8.0
-8.0
-7.0
-7.0
-7.0
-7.0
-7.0
-7.0
-6.0
-5.0
-4.0
-4.0
-3.0
-3.0
-2.0
-3.0
-3.0
-3.0
-3.0
-3.0
-3.0
-3.0
-3.0
-3.0
-3.0
-4.0
-4.0
-5.0
-6.0
-7.0
-7.0
-6.0
-5.0
-3.0
-3.0
-2.0
-2.0
-2.0
-2.0
-2.0
-1.0
-1.0
-1.0
-1.0
-1.0
-1.0
-1.0
-2.0
-2.0
-1.0
-2.0
-1.0
0.0
-1.0
-1.0
1.0
2.0
2.0
3.0
3.0
5.0
6.0
6.0
6.0
2.0
2.0
2.0
2.0
2.0
1.0
1.0
0.6
0.1
-0.4
-0.8
-1.4
-1.6
-2.0
-2.0
-2.0
-1.3
-0.5
0.4
0.7
1.1
1.0
1.0
1.0
1.0
1.0
1.0
1.0
1.0
0.5
0.0
-0.4
-0.8
-1.2
-1.5
-2.0
-3.0
-3.0
-3.0
-3.0
-2.5
-2.0
-2.0
-2.0
-2.0
-1.0
-1.0
-1.0
-1.0
-1.0
-1.0
0.0
-1.0
0.0
0.0
0.0
0.0
0.0
0.0
1.0
1.0
1.0
1.0
1.0
1.0
2.0
2.0
2.0
2.0
2.0
1.0
1.0
0.0
-1.0
-1.0
-1.0
-1.0
-1.0
-1.0
-1.0
-2.0
-2.0
-2.0
-2.0
-2.0
-2.0
-3.3
-3.8
-4.0
-4.0
-4.0
-4.0
-6.0
-6.0
-7.0
-7.0
-8.0
-9.0
-11.0
-11.0
-11.0
-12.0
-13.0
-13.0
-14.0
-14.0
-15.0
-15.0
-15.0
-14.0
-15.0
-14.0
-13.0
-12.0
-11.0
-11.0
-10.0
-9.0
-9.0
-9.0
-9.0
-11.0
-11.0
-12.0
-12.0
-12.0
-12.0
-13.0
-12.0
-12.0
-12.0
-11.0
-12.0
-12.0
-12.0
-11.0
-11.0
-10.0
-9.0
-9.0
-10.0
-9.0
-9.0
-10.0
-10.0
-11.0
-11.0
-11.0
-12.0
-12.0
-11.0
-11.0
-11.0
-12.0
-12.0
-13.0
-13.0
-14.0
-14.0
-13.0
-12.0
-10.0
-9.0
-8.0
-7.0
-7.0
-6.0
-7.0
-7.0
-8.0
-8.0
-8.0
-8.0
-9.0
-8.0
-9.0
-9.0
-9.0
-8.0
-8.0
-9.0
-9.0
-8.0
-8.0
-7.0
-6.0
-5.0
-4.0
-4.0
-3.0
-3.0
-4.0
-5.0
-6.0
-6.0
-7.0
-7.0
-7.0
-7.0
-7.0
-8.0
-8.0
-8.0
-7.0
-7.0
-7.0
-7.0
-4.0
-2.0
0.0
2.0
3.0
4.0
5.0
5.0
4.0
4.0
3.0
3.0
3.0
3.0
3.0
3.0
4.0
3.0
3.0
2.0
2.0
0.0
1.0
0.0
2.0
4.0
6.0
7.0
7.0
8.0
8.0
8.0
6.0
5.0
3.0
1.0
1.0
0.0
-1.0
3.0
3.0
4.0
4.0
4.0
6.0
5.0
4.0
4.0
5.0
7.0
9.0
12.0
13.0
14.0
16.0
16.0
15.0
13.0
11.0
8.0
6.0
4.0
3.0
2.0
1.0
1.0
0.0
0.0
0.0
0.0
0.0
0.0
0.0
1.0
1.0
1.0
1.0
1.0
2.0
2.0
2.0
2.0
2.0
2.0
2.0
3.0
4.0
3.4
3.0
1.0
-1.0
-3.0
-5.2
-7.0
-9.0
-10.0
-10.0
-10.0
-9.0
-8.0
-7.0
-7.0
-7.0
-8.0
-8.0
-9.0
-9.0
-10.0
-10.0
-10.0
-11.0
-11.0
-11.0
-11.0
-11.0
-11.0
-12.0
-11.0
-10.0
-9.0
-8.0
-7.0
-5.0
-4.0
-3.0
-2.0
-1.0
0.0
0.0
-1.0
-1.0
-2.0
-2.0
-2.0
-1.0
-1.0
-1.0
-1.0
-1.0
1.0
0.0
0.0
-1.0
-1.0
1.0
3.0
5.0
7.0
9.0
10.0
11.0
12.0
11.0
9.0
6.0
4.0
3.0
2.0
1.0
0.0
-1.0
-1.0
-2.0
1.0
-1.0
-1.0
0.0
-1.0
2.0
6.0
9.0
12.0
13.0
13.0
13.0
13.0
12.0
11.0
9.0
8.0
5.0
7.0
7.0
8.0
7.0
6.0
4.0
3.0
2.0
2.0
1.0
1.0
3.0
4.0
4.0
4.0
5.0
4.0
3.0
3.0
2.0
2.0
1.0
1.0
0.0
-1.0
-1.0
-1.0
-1.0
-1.0
-1.0
-1.0
-1.0
-1.0
-1.0
-1.0
-1.0
0.0
1.0
2.0
1.0
2.0
3.0
2.0
2.0
1.0
1.0
-1.0
-1.0
-2.0
-2.0
-2.0
-2.0
-2.0
-2.0
-2.0
-2.0
-2.0
-2.0
-2.0
-2.0
-1.0
0.0
1.0
2.0
2.0
2.0
2.0
2.0
2.0
1.0
0.0
-1.0
-1.0
-1.0
-1.0
-1.0
-1.0
-1.0
-1.0
-1.0
-1.0
-1.0
-1.0
-1.0
0.0
1.0
1.0
1.0
2.0
2.0
2.0
2.0
2.0
2.0
2.0
2.0
2.0
1.0
1.0
2.0
2.0
1.0
1.0
1.0
1.0
1.0
1.0
2.0
2.0
2.0
2.0
2.0
3.0
3.0
2.0
2.0
2.0
2.0
2.0
2.0
2.0
2.0
2.0
2.0
1.0
1.0
1.0
1.0
1.0
1.0
1.0
1.0
1.0
1.0
1.0
2.0
2.0
3.0
3.0
2.0
2.0
1.0
1.0
1.0
2.0
3.0
4.0
5.0
6.0
7.0
8.0
8.0
8.0
8.0
8.0
8.0
5.0
4.0
5.0
4.0
4.0
4.0
4.0
3.0
3.0
3.0
2.0
2.0
2.0
1.0
1.0
1.0
1.0
1.0
0.0
0.0
0.0
0.0
0.0
1.0
1.0
1.0
1.0
2.0
2.0
2.0
2.0
2.0
2.0
1.7
2.0
2.0
1.0
1.0
1.0
1.0
1.0
1.0
1.0
1.0
1.0
1.0
0.7
1.0
1.0
1.0
2.0
2.0
3.0
2.0
3.0
3.0
3.0
3.0
2.0
2.0
2.0
1.0
0.0
-1.0
-2.0
-4.0
-4.0
-4.0
-4.0
-5.0
-5.0
-4.0
-4.0
-3.0
-2.0
-1.0
1.0
1.0
2.0
1.0
1.0
1.0
1.0
1.0
1.0
-1.0
-2.0
-2.0
-2.0
-2.0
-3.0
-3.0
-3.0
-3.0
-2.0
-1.0
-1.0
1.0
1.0
2.0
2.0
3.0
3.0
3.0
2.0
2.0
1.0
1.0
1.0
1.0
1.0
1.0
0.0
-1.0
-1.0
-1.0
-2.0
-2.0
-2.0
-2.0
-1.0
1.0
2.0
3.0
5.0
6.0
7.0
7.0
7.0
6.0
5.0
4.0
4.0
3.0
3.0
3.0
2.0
2.0
1.0
1.0
1.0
1.0
1.0
2.0
3.0
5.0
7.0
8.0
9.0
10.0
10.0
10.0
8.0
7.0
6.0
4.0
-1.0
2.0
1.0
-1.0
-1.0
-2.0
-3.0
-2.0
-3.0
-3.0
-2.0
0.0
3.0
7.0
9.0
10.0
12.0
12.0
12.0
12.0
10.0
8.0
8.0
6.0
4.0
3.0
1.0
1.0
1.0
1.0
0.0
0.0
1.0
0.0
1.0
3.0
7.0
9.0
11.0
11.0
11.0
11.0
9.0
8.0
7.0
7.0
7.0
7.0
7.0
7.0
7.0
7.0
7.0
6.0
6.0
6.0
6.0
7.0
7.0
8.0
8.0
9.0
9.0
9.0
9.0
9.0
8.0
7.0
7.0
6.0
4.0
4.0
3.0
3.0
3.0
3.0
2.0
2.0
2.0
2.0
2.0
2.0
1.0
1.0
1.0
1.0
1.0
1.0
2.0
2.0
2.0
2.0
2.0
2.0
1.0
1.0
1.1
1.0
1.0
1.0
1.0
1.0
1.0
0.0
0.0
-1.0
-1.0
0.0
1.0
2.0
3.0
5.0
7.0
8.0
9.0
8.0
7.0
6.0
6.0
3.0
4.0
3.2
2.7
2.0
1.0
2.0
1.0
0.0
1.0
1.0
1.0
1.0
3.0
4.0
6.0
8.0
9.0
11.0
12.0
11.0
8.0
7.0
6.0
5.0
3.0
3.0
3.0
1.0
1.0
1.0
1.0
1.0
1.0
1.0
1.0
1.0
2.0
6.0
8.0
10.0
11.0
12.0
13.0
13.0
12.0
11.0
10.0
10.0
9.0
10.0
9.0
9.0
10.0
10.0
9.0
8.0
8.0
8.0
8.0
8.0
9.0
10.0
11.0
12.0
11.0
11.0
11.0
11.0
10.0
10.0
8.0
8.0
8.0
7.0
7.0
7.0
7.0
7.0
7.0
7.0
7.0
7.0
7.0
7.0
6.0
7.0
7.0
6.0
6.0
6.0
6.0
6.0
5.0
4.0
4.0
4.0
4.0
4.0
4.0
4.0
3.0
3.0
3.0
4.0
4.0
4.0
3.0
4.0
4.0
4.0
4.0
4.0
4.0
4.0
5.0
4.0
4.0
4.0
4.0
4.0
4.0
4.0
5.0
4.0
4.0
4.0
4.0
4.0
4.0
4.0
4.0
4.0
5.0
5.0
6.0
6.0
6.0
6.0
6.0
6.0
6.0
6.0
6.0
6.0
6.0
5.0
5.0
5.0
5.0
4.0
3.0
3.0
3.0
3.0
3.0
3.0
4.0
6.0
6.0
7.0
7.0
7.0
7.0
7.0
7.0
7.0
6.0
6.0
5.0
4.0
4.0
5.0
4.0
4.0
4.0
4.0
4.0
4.0
4.0
4.0
4.0
6.0
6.0
7.0
7.0
7.0
7.0
7.0
7.0
7.0
6.0
6.0
6.0
6.0
6.0
6.0
6.0
6.0
6.0
5.0
6.0
5.0
5.0
6.0
7.0
9.0
10.0
11.0
12.0
11.0
11.0
10.0
9.0
9.0
9.0
9.0
9.0
9.0
9.0
8.0
8.0
8.0
7.0
7.0
7.0
7.0
7.0
8.0
9.0
11.0
13.0
15.0
15.0
14.0
14.0
14.0
13.0
13.0
12.0
12.0
11.0
11.0
10.0
9.0
9.0
9.0
8.0
7.0
6.0
6.0
7.0
9.0
11.0
13.0
15.0
15.0
17.0
16.0
16.0
16.0
15.0
14.0
13.0
12.0
11.0
11.0
11.0
9.0
8.0
7.0
6.0
6.0
4.0
4.0
6.0
8.0
12.0
15.0
16.0
17.0
18.0
18.0
18.0
17.0
16.0
15.0
14.0
14.0
13.0
13.0
13.0
13.0
13.0
13.0
13.0
14.0
13.0
13.0
14.0
14.0
15.0
16.0
17.0
17.0
17.0
18.0
19.0
18.0
17.0
16.0
16.0
12.0
13.0
14.0
14.0
14.0
13.0
12.0
11.0
10.0
9.0
8.0
7.7
8.0
8.0
9.0
10.1
11.0
12.0
12.0
12.0
12.0
11.0
11.0
9.0
8.0
7.0
6.0
5.0
4.0
4.0
3.0
2.0
2.0
2.0
1.0
2.0
3.0
5.0
7.0
8.0
8.0
9.0
8.0
8.0
8.0
7.0
6.0
5.0
4.0
3.0
2.0
2.0
2.0
2.0
1.0
1.0
1.0
1.0
1.0
1.0
1.0
1.0
1.0
2.0
1.0
2.0
2.0
2.0
2.0
2.0
2.0
2.0
2.0
3.0
4.0
5.0
6.0
7.0
8.0
9.0
9.0
9.0
9.0
7.0
7.0
7.0
7.0
7.0
8.0
8.0
8.0
9.0
9.0
9.0
8.0
8.0
7.0
7.0
7.0
6.0
5.0
5.0
4.0
4.0
3.0
3.0
2.0
3.0
4.0
4.0
4.0
6.0
8.0
8.0
9.0
9.0
12.0
11.0
8.0
14.0
11.0
10.6
10.3
9.4
8.0
7.6
6.8
6.4
5.5
5.1
4.3
4.4
4.5
4.6
4.3
5.4
6.0
6.0
6.0
7.0
7.0
7.0
7.0
7.0
7.0
7.0
7.0
7.0
6.0
6.0
6.0
6.0
6.0
6.0
6.0
6.0
6.0
7.0
7.0
8.0
8.0
8.0
8.0
8.0
9.0
9.0
9.0
9.0
8.0
9.0
15.0
16.0
11.0
9.0
8.0
7.0
6.0
5.0
4.0
5.0
5.0
5.0
6.0
7.0
8.0
8.0
8.0
8.0
7.0
7.0
7.0
6.0
6.0
6.0
5.0
5.0
4.0
4.0
3.0
3.0
2.0
1.0
1.0
2.0
5.0
8.0
11.0
13.0
14.0
16.0
16.0
16.0
15.0
14.0
13.0
13.0
13.0
12.0
11.0
11.0
10.0
9.0
8.0
8.0
7.0
6.0
5.0
6.0
8.0
9.0
10.0
11.0
12.0
13.0
12.0
12.0
12.0
11.0
9.0
8.0
7.0
7.0
4.0
3.0
3.0
2.0
2.0
2.0
0.0
1.0
1.0
3.0
8.0
11.0
12.0
14.0
18.0
20.0
21.0
21.0
20.0
19.0
17.0
16.0
15.0
14.0
12.0
11.0
10.0
9.0
8.0
7.0
6.0
4.0
4.0
4.0
6.0
7.0
8.0
10.0
11.0
12.0
12.0
12.0
12.0
10.0
9.0
8.0
8.0
7.0
5.0
4.0
4.0
4.0
4.0
4.0
4.0
3.0
3.0
4.0
7.0
10.0
12.0
14.0
16.0
17.0
17.0
16.0
16.0
16.0
11.0
9.0
7.0
6.0
6.0
5.0
4.0
3.0
3.0
3.0
2.0
3.0
3.0
5.0
6.0
7.0
8.0
8.0
10.0
11.0
11.0
10.0
9.0
8.0
7.0
6.0
4.0
2.0
2.0
1.0
1.0
-1.0
-1.0
-3.0
-3.0
-2.0
-3.0
-1.0
2.0
4.0
6.0
8.0
9.0
11.0
12.0
12.0
12.0
11.0
10.0
9.0
9.0
8.0
8.0
8.0
8.0
8.0
8.0
8.0
9.0
8.0
8.0
9.0
8.0
9.0
11.0
11.0
11.0
11.0
10.0
9.0
9.0
8.0
7.0
6.0
6.0
6.0
6.0
6.0
6.0
7.0
7.0
7.0
5.0
4.0
3.0
4.0
6.0
8.0
9.0
10.0
11.0
12.0
13.0
12.0
12.0
11.0
11.0
9.0
8.0
8.0
8.0
8.0
8.0
8.0
7.0
7.0
7.0
7.0
7.0
8.0
8.0
7.0
6.0
6.0
6.0
6.0
7.0
7.0
8.0
8.0
8.0
8.0
7.0
4.0
2.0
2.0
2.0
1.0
2.0
1.0
1.0
1.0
0.0
1.0
0.0
0.0
0.0
1.0
3.0
3.0
4.0
5.0
5.0
5.0
5.0
5.0
4.0
4.0
3.0
3.0
3.0
3.0
4.0
3.0
4.0
3.0
4.0
5.0
6.0
8.0
9.0
10.0
11.0
13.0
13.0
13.0
13.0
10.0
9.0
8.0
7.0
6.0
6.0
6.0
5.0
3.0
3.0
4.0
4.0
5.0
6.0
6.0
8.0
11.0
13.0
13.0
14.0
16.0
16.0
16.0
15.0
13.0
10.0
8.0
8.0
8.0
7.0
6.0
6.0
4.0
4.0
4.0
4.0
4.0
5.0
7.0
9.0
12.0
14.0
17.0
18.0
21.0
21.0
22.0
22.0
21.0
21.0
21.0
21.0
20.0
20.0
19.0
19.0
18.0
19.0
19.0
19.0
19.0
18.0
14.0
16.0
17.0
18.0
18.0
19.0
19.0
19.0
18.0
16.0
15.0
13.0
12.0
11.0
10.0
8.0
6.0
4.0
3.0
2.0
1.0
0.0
-1.0
-1.0
0.0
1.0
2.0
4.0
5.0
6.0
7.0
8.0
8.0
7.0
6.0
5.0
3.0
2.0
2.0
1.0
2.0
2.0
2.0
2.0
2.0
2.0
1.0
1.0
2.0
4.0
5.0
7.0
8.0
9.0
10.0
11.0
12.0
12.0
11.0
11.0
9.0
10.0
8.0
8.0
8.0
8.0
7.0
7.0
9.0
9.0
8.0
9.0
9.0
9.0
10.0
12.0
14.0
18.0
21.0
21.0
21.0
21.0
20.0
19.0
18.0
18.0
18.0
18.0
17.0
17.0
17.0
16.0
16.0
16.0
15.0
16.0
16.0
17.0
18.0
20.0
19.0
19.0
18.0
18.0
18.0
18.0
18.0
17.0
17.0
17.0
16.0
16.0
16.0
16.0
17.0
17.0
16.0
16.0
16.0
16.0
17.0
17.0
17.0
18.0
19.0
20.0
21.0
20.0
20.0
21.0
20.0
20.0
19.0
19.0
19.0
19.0
19.0
19.0
18.0
17.0
17.0
18.0
18.0
17.9
19.0
20.0
21.0
23.0
23.0
24.0
24.0
24.0
24.0
23.0
22.0
22.0
21.0
19.0
18.0
18.0
19.0
18.0
19.0
19.0
18.0
18.0
18.0
18.0
18.0
19.0
20.0
20.0
19.0
19.0
21.0
20.0
19.0
18.0
19.0
18.0
18.0
18.0
16.0
13.0
13.0
13.0
13.0
13.0
10.0
9.0
9.0
9.0
9.0
9.0
9.0
10.0
12.0
13.0
15.0
16.0
17.0
17.0
16.0
15.0
11.0
11.0
11.0
9.0
9.0
8.0
8.0
8.0
7.0
6.0
5.0
7.0
8.0
9.0
11.0
13.0
15.0
15.0
11.0
12.0
12.0
13.0
11.0
11.0
10.0
10.0
9.0
8.0
7.0
7.0
6.0
6.0
6.0
6.0
4.0
4.0
5.0
6.0
5.0
6.0
7.0
6.0
7.0
7.0
7.0
7.0
7.0
6.0
5.0
3.0
4.0
4.0
3.0
3.0
2.0
2.0
1.0
0.0
-1.0
1.0
2.0
4.0
6.0
7.0
9.0
9.0
10.0
11.0
12.0
12.0
11.0
10.0
10.0
9.0
10.0
11.0
12.0
13.0
14.0
15.0
16.0
16.0
16.0
16.0
17.0
18.0
20.0
22.0
23.0
25.0
26.0
26.0
26.0
24.0
23.0
22.0
21.0
20.0
19.0
19.0
18.0
18.0
18.0
18.0
18.0
18.0
18.0
18.0
19.0
21.0
22.0
23.0
24.0
24.0
24.0
24.0
26.0
25.0
24.0
24.1
24.0
22.0
22.0
21.0
18.0
16.0
15.0
15.0
15.0
15.0
20.0
15.0
15.0
18.0
19.0
20.0
20.0
20.0
21.0
20.0
19.0
18.0
17.0
14.0
12.0
11.0
10.0
9.0
8.0
8.0
8.1
8.0
7.0
7.0
6.0
6.0
9.0
11.0
12.0
14.0
16.0
17.0
18.0
19.0
19.0
19.0
18.0
18.0
17.0
17.0
16.0
16.0
14.0
13.0
12.0
11.0
11.0
11.0
11.0
11.0
12.0
13.0
17.0
19.0
21.0
22.5
24.0
22.0
21.0
19.0
18.0
17.0
14.0
11.0
10.0
9.0
8.0
8.0
8.0
7.0
6.4
6.0
6.0
7.0
8.0
9.0
12.0
13.0
15.0
16.0
17.1
18.0
19.0
19.0
18.0
16.0
17.0
16.0
14.0
14.0
11.0
11.0
14.0
14.0
14.0
13.0
14.0
14.0
18.0
21.0
22.0
25.0
26.0
26.0
27.0
27.0
27.0
26.0
24.0
24.0
21.0
21.0
21.0
20.0
19.0
19.0
19.0
19.0
19.0
20.0
19.5
20.0
20.0
21.0
21.0
21.0
23.0
24.0
22.0
25.0
24.0
23.0
22.0
21.0
21.0
20.0
19.0
16.0
14.0
13.0
13.0
12.0
12.0
12.0
12.0
12.0
11.0
11.0
12.0
13.0
12.0
13.0
13.0
13.0
13.0
12.0
12.0
10.0
10.0
10.0
9.0
9.0
9.0
9.0
9.0
9.0
9.0
10.0
11.0
11.0
13.0
16.0
17.0
19.0
20.0
21.0
22.0
22.0
22.0
22.0
21.0
20.0
18.0
17.0
16.0
14.0
12.0
11.0
9.0
9.0
9.0
8.0
8.0
8.0
9.0
9.0
9.0
11.0
13.0
14.0
16.0
16.0
17.0
17.0
16.0
15.0
14.0
12.0
12.0
9.0
8.0
8.0
7.0
7.0
6.0
6.0
5.0
7.0
10.0
13.0
14.0
16.0
18.0
19.0
20.0
21.0
21.0
20.0
18.0
17.0
17.0
16.0
16.0
14.0
15.0
14.0
14.0
13.0
13.0
14.0
13.0
12.0
12.0
14.0
14.0
15.0
16.0
17.0
17.0
17.0
16.0
14.0
13.0
13.0
13.0
13.0
12.0
12.0
12.0
12.0
12.0
12.0
12.0
12.0
11.0
11.0
11.0
11.0
11.0
11.0
12.0
12.0
12.0
12.0
12.0
11.0
11.0
11.0
11.0
10.6
10.0
10.0
10.0
9.0
9.0
9.0
6.0
6.0
5.0
4.0
4.0
5.0
6.0
6.0
7.0
8.0
9.0
10.0
10.0
9.0
6.0
7.0
5.0
6.0
5.0
5.0
6.0
4.0
4.0
4.0
3.0
4.0
3.0
3.0
4.0
4.0
5.0
5.0
7.0
6.0
5.0
4.0
4.0
3.0
3.0
3.0
3.0
3.0
2.0
2.0
2.0
2.0
2.0
3.0
3.0
3.0
3.0
3.0
3.0
4.0
4.0
4.0
4.0
5.0
6.0
6.0
7.0
7.0
7.0
7.0
7.0
6.0
6.0
4.0
4.0
4.0
4.0
3.0
4.0
3.0
3.0
4.0
7.5
11.0
13.0
16.0
17.0
18.0
19.0
19.0
19.0
20.0
19.0
18.0
16.0
13.0
13.0
11.0
12.0
12.0
11.0
10.0
9.0
9.0
8.0
11.0
13.0
16.0
17.0
19.0
20.0
21.0
21.0
21.0
21.0
21.0
20.0
18.0
17.0
13.0
14.0
12.0
10.0
9.0
10.0
9.0
10.0
10.0
10.0
12.0
16.0
17.5
19.0
22.0
23.0
24.0
23.0
24.0
26.0
26.0
25.0
24.0
24.0
23.0
21.0
19.0
18.0
17.0
16.0
16.0
16.0
15.0
14.0
17.0
21.0
22.0
23.0
23.0
24.0
23.0
22.0
23.0
23.0
23.0
23.0
23.0
22.0
22.0
21.0
19.0
20.0
20.0
20.0
19.0
18.0
17.0
17.0
17.0
17.0
18.0
19.0
18.0
16.0
16.0
15.0
14.0
16.0
16.0
16.0
13.0
13.0
12.0
12.0
11.0
11.0
10.0
10.0
9.0
9.0
9.0
8.0
8.0
8.0
8.0
8.0
8.0
8.0
9.0
10.0
10.0
10.0
9.0
9.0
9.0
9.0
9.0
9.0
9.0
9.0
9.0
10.0
10.0
10.0
10.0
10.0
10.0
10.0
11.0
11.0
11.6
12.0
13.0
13.0
13.0
14.0
14.0
14.0
14.0
14.0
14.0
14.0
13.0
13.0
13.0
13.0
13.0
12.0
12.0
10.0
10.0
10.0
10.0
10.0
11.0
11.2
11.0
11.0
11.0
11.0
12.0
11.0
11.0
11.0
11.0
11.0
10.0
11.0
11.0
10.0
11.0
11.0
11.0
11.0
11.0
11.0
12.0
12.0
13.0
13.0
14.0
14.0
14.0
14.0
14.0
13.0
13.0
13.0
13.0
13.0
13.0
13.1
13.0
13.0
13.0
13.0
13.0
13.0
13.0
12.0
12.0
12.0
12.0
11.0
11.0
11.0
12.0
12.1
12.0
12.0
12.0
12.0
12.0
12.0
12.0
13.0
13.0
13.0
13.0
13.0
12.0
12.0
12.0
12.0
12.0
12.0
12.0
13.0
12.0
12.0
12.0
12.0
12.0
11.0
11.0
10.0
10.0
10.0
11.0
11.0
11.0
10.0
11.0
11.0
11.0
11.0
12.0
14.0
16.0
17.0
18.0
20.0
21.0
22.0
22.0
22.0
21.0
20.0
19.0
17.0
16.0
15.0
14.0
12.0
12.0
9.0
11.0
10.0
8.0
9.0
11.0
13.0
16.0
17.0
18.0
19.0
19.0
20.0
20.0
20.0
20.0
19.0
17.0
15.0
14.0
14.3
14.6
14.9
15.1
15.4
15.7
16.0
16.0
16.0
17.0
17.0
18.0
21.0
22.0
23.0
23.0
22.0
21.0
20.0
19.0
18.0
18.0
17.0
16.0
16.0
16.0
16.0
16.0
16.0
17.0
16.0
16.0
16.0
17.0
18.0
18.0
19.0
20.0
21.0
23.0
23.0
24.0
24.0
24.0
24.0
22.0
21.0
21.0
21.0
19.0
18.0
18.0
18.0
17.0
17.0
17.0
17.0
18.0
18.0
19.0
21.0
22.0
22.0
23.0
23.0
24.0
24.0
24.0
23.0
22.0
21.0
19.0
19.0
18.0
17.0
17.0
16.0
17.0
16.0
14.0
15.0
17.0
19.0
22.0
23.0
24.0
25.0
26.0
26.0
27.0
26.0
26.0
25.0
24.0
22.0
22.0
20.0
21.0
19.0
19.0
18.0
17.0
17.0
16.0
16.0
18.0
20.0
21.0
22.0
22.0
23.0
24.0
26.0
26.0
25.0
25.0
24.0
23.0
23.0
22.0
21.0
21.0
19.0
19.0
18.0
17.0
18.0
18.0
18.0
19.0
19.0
20.0
22.0
22.0
24.0
24.0
24.0
24.0
23.0
24.0
23.0
22.0
22.0
21.0
21.0
21.0
20.0
20.0
19.0
20.0
19.0
19.0
19.0
21.0
22.0
24.0
26.0
26.0
27.0
26.0
26.0
27.0
26.0
27.0
26.0
26.0
25.0
25.0
25.0
25.0
25.0
24.0
24.0
24.0
23.0
24.0
23.0
24.0
26.0
27.0
27.0
28.0
27.0
26.0
25.0
23.0
21.0
21.0
21.0
20.0
19.0
19.0
18.0
17.0
17.0
16.0
16.0
14.0
14.0
14.0
14.0
14.0
13.0
13.0
14.0
15.0
16.0
17.0
16.0
18.0
18.0
18.0
18.0
18.0
16.0
14.0
14.0
13.0
13.0
12.0
12.0
12.0
12.0
11.0
12.0
14.0
17.0
19.0
20.0
22.0
22.0
22.0
22.0
23.0
23.0
23.0
23.0
23.0
22.0
22.0
22.0
22.0
22.0
22.0
22.0
21.0
22.0
23.0
24.0
24.0
25.0
26.0
27.0
29.0
30.0
31.0
32.0
31.0
30.0
30.0
29.0
28.0
27.0
27.0
26.0
21.0
22.0
22.0
22.0
21.0
23.0
21.0
20.0
19.0
18.0
17.0
17.0
18.0
19.0
21.0
23.0
22.0
22.0
22.0
22.0
21.0
19.0
18.0
18.0
17.0
15.0
14.0
13.0
12.0
11.0
9.0
9.0
9.0
9.0
11.0
12.0
13.0
14.0
15.0
17.0
17.0
17.0
17.0
17.0
16.0
15.0
14.0
12.0
10.0
10.0
10.0
9.0
9.0
8.0
8.0
9.0
11.0
14.0
17.0
19.0
19.0
20.0
19.0
19.0
19.0
19.0
18.0
18.0
17.0
16.0
16.0
15.0
14.0
12.0
12.0
12.0
13.0
12.0
13.0
12.0
13.0
16.0
17.0
18.0
21.0
18.0
18.0
19.0
18.0
18.0
17.0
17.0
16.0
16.0
16.0
16.0
16.0
16.0
16.0
15.0
14.0
14.0
14.0
14.0
16.0
19.0
21.0
23.0
24.0
24.0
24.0
23.0
23.0
23.0
23.0
21.0
21.0
22.0
22.0
22.0
22.0
22.0
22.0
21.0
21.0
20.0
20.0
21.0
21.0
22.0
22.0
24.0
24.0
24.0
22.0
23.0
23.0
23.0
24.0
25.0
25.0
24.0
24.0
24.0
24.0
23.0
23.0
23.0
23.0
23.0
23.0
22.0
22.0
21.0
21.0
22.0
23.0
23.0
24.0
25.0
25.0
24.0
24.0
22.0
18.0
17.0
16.0
16.0
16.0
16.0
14.0
14.0
13.0
13.0
13.0
12.0
12.0
12.0
13.0
13.0
13.0
12.0
13.0
14.0
15.0
15.0
14.0
14.0
14.0
14.0
14.0
14.0
14.0
13.0
13.0
12.0
12.0
12.0
11.0
11.0
13.0
14.0
17.0
17.0
19.0
19.0
20.0
21.0
22.0
22.0
22.0
21.0
20.0
18.0
17.0
17.0
16.0
16.0
14.0
15.0
15.0
16.0
16.0
15.0
14.0
14.0
16.0
18.0
22.0
23.0
24.0
22.0
21.0
23.0
23.0
22.7
22.0
21.0
19.0
18.0
18.0
18.0
17.0
17.0
17.0
17.0
15.0
18.0
19.0
22.0
24.0
26.0
28.0
29.0
31.0
30.0
31.0
32.0
31.0
29.0
29.0
27.0
26.0
26.0
26.0
26.0
25.0
22.0
21.0
21.0
21.0
21.0
21.0
24.0
25.0
26.0
28.0
27.0
27.0
28.0
29.0
29.6
30.0
29.0
28.0
27.0
26.0
26.0
25.0
25.0
25.0
24.0
22.0
21.0
21.0
21.0
23.0
26.0
28.0
30.0
31.0
31.0
30.0
30.0
31.0
31.0
28.0
26.0
23.0
21.0
20.0
20.0
19.0
19.0
19.0
17.0
17.0
16.0
15.0
16.0
18.0
19.0
21.0
23.0
24.0
25.0
26.0
27.0
27.0
27.0
27.0
26.0
25.0
23.0
23.0
22.0
22.0
22.0
21.0
21.0
19.0
17.0
18.0
19.0
19.0
20.0
20.0
21.0
22.0
23.0
24.0
26.0
28.0
28.0
28.0
26.0
21.0
21.0
21.0
21.0
20.0
20.0
20.0
19.0
20.0
19.0
19.0
19.0
18.0
18.0
19.0
19.0
21.0
21.0
21.0
21.0
21.0
22.0
21.0
22.0
21.0
19.0
19.0
18.0
18.0
18.0
17.0
16.0
16.0
14.0
14.0
15.0
17.0
18.0
19.0
21.0
23.0
24.0
26.0
26.0
27.0
28.0
28.0
28.0
25.0
24.0
23.0
22.0
21.0
21.0
19.0
18.0
17.0
17.0
17.0
18.0
20.0
22.0
25.0
28.0
29.0
31.0
31.0
32.0
32.0
32.0
32.0
31.0
29.0
28.0
27.0
27.0
26.0
26.0
25.0
24.0
24.0
22.0
22.0
23.0
24.0
25.0
27.0
29.0
31.0
32.0
33.0
33.0
33.0
33.0
33.0
32.0
31.0
30.0
29.0
28.0
28.0
27.0
27.0
26.0
26.0
25.0
25.0
25.0
26.0
27.0
28.0
29.0
31.0
32.0
32.9
32.9
32.8
32.7
32.1
31.1
30.0
29.0
28.0
26.3
24.6
22.9
21.2
19.5
17.8
16.1
16.6
17.2
17.7
18.3
20.5
22.2
21.6
22.2
22.7
24.4
23.8
25.0
25.0
23.8
22.7
21.6
20.0
18.8
18.8
18.3
17.2
16.6
16.1
16.1
15.5
15.5
17.7
21.1
21.1
22.7
23.8
24.4
26.1
26.6
26.6
26.6
27.2
26.6
25.0
23.3
22.2
21.6
20.5
19.4
18.8
18.3
18.3
16.6
17.2
18.3
19.4
22.2
23.3
25.5
27.2
27.7
27.2
26.6
26.6
24.4
21.1
25.0
25.0
24.4
23.3
23.3
22.2
21.6
22.2
22.2
22.2
21.6
21.1
21.6
21.6
20.0
22.7
23.3
25.5
27.2
28.8
28.8
30.0
29.4
30.0
29.4
28.3
27.2
25.5
25.5
25.0
23.8
23.3
23.3
23.8
23.3
20.0
19.4
20.0
22.2
22.2
22.2
25.0
26.1
26.6
27.2
27.2
27.7
27.7
27.2
26.1
25.0
24.4
23.3
23.3
22.7
22.7
22.2
21.6
21.6
21.1
21.1
21.6
22.7
25.0
25.0
26.6
27.7
28.6
29.4
30.0
30.4
30.5
30.0
28.3
27.2
26.6
25.5
25.0
24.4
23.8
24.4
25.0
24.4
24.4
25.0
26.1
27.7
22.7
24.4
26.1
28.3
30.5
32.2
32.7
33.3
33.3
32.7
31.6
31.1
28.8
28.8
28.8
28.5
28.3
27.7
21.1
21.1
20.5
20.5
21.6
21.6
21.5
21.3
21.0
20.5
21.1
22.0
22.7
23.8
23.8
23.8
22.7
21.6
20.5
20.0
20.0
19.4
19.4
18.8
18.8
20.0
20.0
20.5
20.5
21.1
21.6
23.8
24.4
24.4
27.7
26.6
27.2
27.7
26.1
25.0
23.8
22.7
22.7
22.2
21.6
21.1
21.1
21.1
21.1
20.5
18.8
18.8
18.3
18.8
18.8
20.0
21.1
22.7
22.7
22.7
23.3
23.8
24.4
23.3
22.7
21.1
20.0
18.3
17.7
17.2
16.6
16.1
16.1
15.0
14.4
14.4
15.5
17.7
19.4
21.1
21.6
22.8
23.8
24.4
25.0
25.0
25.0
24.4
23.8
21.6
20.0
19.4
17.7
17.2
16.6
15.8
15.0
15.5
15.0
16.6
17.7
20.0
22.2
23.8
24.5
25.0
25.6
26.1
26.6
26.6
25.5
26.1
23.8
21.1
20.0
19.4
20.0
18.3
17.4
16.6
15.0
15.5
15.0
15.5
18.3
21.6
23.3
24.4
25.5
26.6
27.7
27.7
25.5
25.5
25.0
25.5
25.5
23.3
22.7
21.6
21.6
20.0
19.4
18.8
18.8
18.8
18.8
18.8
21.1
23.3
25.5
27.2
27.7
27.7
28.3
29.4
30.0
30.4
30.5
29.4
28.3
27.7
26.6
26.1
25.0
25.0
23.8
23.3
22.2
22.2
22.2
22.7
23.3
25.0
27.2
28.8
29.4
30.0
30.5
31.1
31.6
31.6
31.1
30.5
30.0
28.3
27.2
27.2
26.1
25.5
25.0
24.4
23.3
23.3
23.3
23.3
24.4
25.5
27.2
28.8
29.4
30.5
31.1
31.6
32.2
31.6
31.1
31.1
29.8
28.3
27.2
26.6
25.5
25.0
23.8
23.8
23.8
23.3
22.7
23.3
24.4
25.5
27.7
28.8
30.0
30.0
30.0
31.1
32.2
31.6
30.5
30.0
30.0
27.7
26.6
26.6
25.5
25.0
23.3
23.0
22.7
22.2
21.6
22.2
23.3
25.5
28.8
29.4
31.1
30.5
31.1
30.5
32.7
31.6
31.6
30.5
28.8
28.3
27.7
26.1
25.5
25.0
23.8
23.0
22.2
22.7
22.7
22.7
24.4
27.2
28.3
29.4
30.5
31.1
31.6
32.2
32.7
32.2
31.6
31.1
29.4
28.3
27.2
27.2
25.5
25.0
24.1
23.3
22.7
22.7
22.2
22.7
25.5
27.2
28.8
30.0
31.1
31.6
32.7
33.3
33.3
32.7
32.7
32.2
31.1
29.4
28.8
26.6
25.0
24.4
24.4
23.8
22.6
21.6
21.1
22.2
24.4
27.7
30.0
31.1
32.2
32.2
33.3
33.3
33.8
33.8
33.8
32.2
31.8
31.1
30.0
29.4
28.8
28.3
26.6
25.5
25.5
25.0
25.0
24.4
27.2
27.7
30.0
30.5
31.6
31.6
32.2
32.7
33.8
33.3
33.3
30.5
31.1
30.0
28.8
27.7
27.7
25.5
26.1
24.4
24.4
23.8
23.3
23.3
25.0
27.5
30.0
27.7
31.6
32.2
31.6
31.6
32.2
33.3
32.7
30.5
28.8
27.2
26.1
25.5
25.0
24.4
23.3
22.7
22.4
22.2
21.6
22.2
22.7
25.0
27.7
30.0
30.5
30.5
27.2
26.1
22.7
26.1
25.0
24.6
23.8
23.8
23.3
22.7
22.2
21.6
21.6
21.1
21.1
21.1
21.1
21.1
21.1
21.1
21.1
21.1
21.1
21.1
21.1
21.1
21.1
20.5
20.5
21.1
20.5
20.5
20.0
20.0
20.0
20.0
20.0
20.0
20.0
20.5
20.5
20.5
21.1
21.1
21.6
21.6
21.6
22.7
23.3
24.4
25.5
23.8
25.5
23.8
23.7
23.3
22.2
21.6
20.5
20.5
20.0
20.0
19.6
19.4
19.1
19.4
20.0
21.6
22.2
23.8
26.1
27.7
28.8
28.8
30.0
28.8
29.4
29.4
28.8
26.6
25.0
24.1
23.3
22.7
21.6
20.5
20.0
21.1
20.0
18.8
19.4
18.8
21.1
23.3
26.1
26.1
27.2
27.2
28.3
29.4
27.7
27.7
26.6
25.5
24.4
23.8
23.3
22.7
22.7
22.2
22.2
21.6
21.6
22.2
23.3
23.8
25.0
26.1
26.6
26.6
27.7
27.7
27.7
27.7
27.7
27.3
26.6
25.5
23.8
23.8
23.3
22.2
21.6
21.1
20.5
20.0
18.8
18.8
20.0
21.6
22.2
24.4
25.0
25.5
25.5
26.1
26.1
25.5
25.5
24.4
23.3
22.2
21.1
21.4
21.6
21.9
22.2
22.5
22.7
23.0
21.0
22.0
22.0
24.0
26.0
27.0
28.0
28.0
29.0
30.0
29.0
30.0
29.0
28.0
28.0
27.0
25.6
24.0
24.0
24.0
23.0
23.0
22.0
22.0
21.0
22.0
24.0
26.0
27.1
28.0
29.0
29.0
30.0
30.0
28.0
27.0
28.0
28.0
28.0
27.0
26.6
26.0
24.0
26.0
24.0
24.0
25.0
25.0
25.0
26.0
27.0
26.0
27.0
27.0
27.0
27.0
28.0
31.0
32.0
32.0
32.0
32.0
31.0
30.0
29.0
29.0
29.0
29.0
29.0
28.0
28.0
27.0
27.0
27.0
27.0
29.0
28.0
25.0
26.0
27.0
29.0
31.0
31.0
32.0
31.0
30.0
29.0
29.0
28.0
28.0
27.0
26.0
26.0
26.0
26.0
25.0
25.0
25.0
26.0
27.0
29.0
31.0
32.0
33.0
32.0
32.0
33.0
34.0
33.0
33.0
32.0
31.0
30.0
30.0
29.0
28.0
28.0
28.0
27.0
26.0
26.0
26.0
26.0
28.0
29.0
31.0
32.0
33.0
33.0
33.6
34.0
34.0
33.0
33.0
32.1
31.0
32.0
31.0
30.9
31.0
29.0
28.0
28.0
28.0
28.0
25.0
24.0
25.4
27.0
27.0
28.0
29.6
31.0
32.0
32.3
32.3
32.0
32.0
30.6
29.0
29.0
28.0
27.0
26.0
25.0
25.0
25.0
24.0
24.0
24.0
26.0
27.0
28.0
30.0
31.0
32.0
31.0
31.0
32.0
32.0
32.0
32.0
29.0
28.0
28.0
28.0
28.0
28.0
27.0
28.0
27.0
27.0
26.0
26.0
27.0
27.0
27.0
27.0
29.0
31.0
31.0
31.0
31.1
31.0
31.0
31.0
29.0
29.0
29.0
28.0
28.0
27.0
26.0
26.0
26.0
26.0
26.0
23.6
22.0
22.0
23.0
24.0
26.0
26.0
27.0
28.0
29.0
29.0
29.0
28.0
28.0
27.0
27.0
26.0
26.0
25.0
24.0
24.0
24.0
24.0
24.0
23.0
24.0
24.0
24.0
25.0
26.0
27.0
28.0
28.0
29.0
29.0
28.0
28.0
27.0
27.0
26.0
26.0
26.0
24.0
24.0
24.0
23.0
23.0
23.0
23.0
23.0
23.0
24.0
25.0
26.0
27.0
28.0
29.0
30.0
29.0
29.0
29.0
29.0
28.0
27.0
26.0
26.0
26.0
25.0
24.0
24.0
23.0
23.0
23.0
24.0
26.0
27.0
29.0
30.0
31.0
31.0
32.0
33.0
32.0
32.0
32.0
31.0
29.0
29.0
27.0
27.0
26.0
26.0
25.0
25.0
24.0
24.0
24.0
26.0
27.0
29.0
30.0
31.0
31.0
31.0
32.0
32.0
32.0
31.0
30.0
29.0
28.0
27.1
26.0
26.0
24.0
24.0
23.0
23.0
23.0
22.0
22.0
22.0
23.0
24.0
24.0
26.0
27.0
28.0
28.0
28.0
28.0
29.0
29.0
28.0
27.0
26.0
26.0
25.0
25.0
24.0
24.0
24.0
23.0
23.0
23.0
24.8
27.0
29.0
29.0
31.0
31.0
32.1
33.0
33.0
33.0
33.0
32.0
31.0
29.7
29.0
27.9
27.0
27.0
26.0
26.0
25.0
25.0
26.0
25.0
27.0
28.0
30.0
31.0
32.0
33.0
33.6
34.0
34.0
34.0
34.0
34.0
33.0
31.0
30.0
28.0
29.0
28.0
28.0
28.0
26.0
26.0
26.0
26.0
27.0
28.0
29.0
31.0
33.0
34.0
35.0
36.0
37.0
36.7
36.0
36.0
34.0
32.0
31.0
30.9
31.0
29.0
29.0
29.0
29.0
29.0
28.0
28.0
29.0
30.0
32.0
33.0
34.6
36.0
37.0
37.0
38.0
37.0
37.0
37.0
35.0
33.2
32.0
32.0
31.0
30.0
29.0
29.0
29.0
29.0
28.3
28.0
29.0
31.0
32.0
34.0
36.0
37.1
38.0
39.0
38.6
38.0
38.0
37.0
36.0
33.0
33.0
32.0
32.0
30.0
29.0
29.0
29.0
30.0
29.0
29.0
29.0
31.0
33.0
34.0
36.0
37.0
38.0
38.0
38.0
38.0
37.1
36.0
34.0
33.0
33.0
31.0
30.0
29.5
29.0
28.0
28.0
28.0
29.0
28.0
26.0
25.0
27.0
28.0
29.0
29.0
29.0
29.0
31.0
30.6
29.9
29.0
28.0
27.2
27.0
27.0
26.6
26.4
26.0
25.0
26.0
24.0
24.0
24.0
23.0
24.0
24.0
24.0
25.0
27.0
27.0
27.0
27.0
27.0
26.6
26.0
26.0
26.0
26.0
26.0
25.0
24.0
24.0
24.0
23.0
23.0
22.0
21.0
21.0
20.0
20.0
21.0
21.0
22.0
22.0
22.0
24.0
24.0
24.0
24.0
23.0
22.0
21.0
21.0
21.0
21.0
21.0
21.0
20.0
21.0
20.0
20.1
21.0
21.0
21.0
21.0
21.0
22.0
23.0
22.0
23.0
22.0
22.0
21.0
21.1
21.0
21.0
21.0
21.0
21.0
21.0
21.0
19.0
20.0
19.0
19.0
19.0
20.0
20.0
20.0
20.0
21.0
21.0
21.0
21.0
22.0
22.0
22.3
22.0
21.0
21.0
21.0
21.0
21.0
21.0
21.0
21.0
20.0
20.0
20.0
20.0
21.0
21.0
21.0
22.0
22.0
23.0
23.0
24.0
24.0
24.0
24.0
24.0
23.0
23.0
22.0
22.0
21.0
21.0
19.0
19.0
19.0
20.0
21.0
21.0
22.0
24.0
26.0
28.0
29.0
30.0
31.0
31.0
31.0
30.0
31.0
29.0
28.0
28.0
27.0
27.0
27.0
26.0
26.0
26.0
26.0
24.0
24.0
23.0
24.0
26.0
26.0
27.0
29.0
30.0
30.0
31.0
29.0
30.0
29.0
28.0
28.0
27.0
27.0
26.0
25.0
24.0
23.0
23.0
23.0
22.0
22.0
22.0
23.0
23.0
23.0
22.0
22.0
22.0
22.0
23.0
23.0
23.0
23.0
23.0
22.0
22.0
21.0
21.0
21.0
20.0
19.0
18.0
18.0
18.0
19.0
19.0
22.0
23.0
24.0
25.2
26.0
26.0
26.0
24.0
24.2
24.0
23.6
23.0
22.0
21.0
21.1
21.2
21.3
21.3
21.4
21.5
21.6
22.2
21.6
20.5
20.0
20.2
20.5
20.5
21.1
22.2
23.8
23.3
23.3
23.3
23.3
22.9
22.7
22.7
22.7
22.7
22.9
23.1
23.3
22.7
23.3
23.3
23.3
23.3
23.8
23.3
24.4
26.6
28.3
29.4
28.8
29.4
27.7
26.6
26.1
25.0
23.8
23.8
23.8
23.8
23.8
23.8
23.8
23.9
23.8
23.8
23.8
24.4
25.0
25.0
25.5
24.8
23.8
24.4
24.4
24.4
25.5
25.5
25.5
25.0
23.8
23.3
23.3
23.3
23.3
22.7
22.2
21.6
21.6
21.1
21.1
22.7
23.3
25.5
27.2
27.7
28.8
29.4
29.4
29.4
29.4
29.4
27.7
26.6
26.1
25.5
24.4
24.4
23.8
23.3
22.7
22.7
21.6
21.6
21.6
22.2
23.8
25.5
26.6
27.2
27.7
28.8
30.0
30.5
30.5
30.0
29.4
27.7
26.6
26.1
26.1
25.5
25.5
25.5
25.0
25.0
23.8
25.0
25.0
25.5
26.6
26.6
27.7
28.3
30.0
32.2
31.1
32.2
32.7
31.6
31.1
30.5
28.3
27.8
27.2
26.6
25.0
24.4
24.4
23.8
24.4
24.4
24.4
25.0
28.3
30.0
30.0
31.6
32.7
33.8
34.2
34.4
35.0
34.4
33.3
32.7
31.6
30.5
30.0
28.8
28.6
28.3
27.7
27.7
27.2
26.6
26.1
27.2
28.8
30.5
31.6
32.7
33.3
34.4
34.8
35.0
35.0
33.8
33.3
32.2
30.5
30.0
29.4
28.8
28.8
28.8
28.3
27.7
28.3
27.7
27.7
28.5
29.7
31.1
32.2
33.3
34.4
35.0
35.0
35.1
35.0
35.0
33.8
32.2
31.0
30.2
29.4
28.8
28.8
28.8
28.3
28.3
27.7
27.2
25.5
27.7
28.8
30.0
31.1
32.7
33.8
33.8
34.4
35.0
34.4
33.8
33.3
33.3
30.0
28.8
28.3
26.6
26.1
26.6
25.5
25.5
25.5
24.4
21.1
26.1
28.3
30.5
32.2
32.7
33.8
34.4
35.5
35.5
35.5
35.0
33.8
32.2
31.1
30.0
28.8
27.7
27.7
27.7
27.7
27.8
27.7
27.2
26.6
27.7
29.4
31.6
33.3
33.8
34.4
35.0
35.0
36.1
35.0
34.4
33.3
32.7
31.1
30.5
29.4
29.4
28.8
28.3
27.7
26.6
26.3
26.1
26.6
27.2
29.4
30.5
32.2
33.3
34.4
34.6
34.4
34.4
33.8
34.4
33.8
32.2
31.1
30.5
29.4
28.8
28.8
28.2
27.7
28.3
26.6
26.1
26.6
27.7
29.4
30.0
31.6
32.7
34.4
31.8
28.8
30.6
32.1
33.3
32.7
30.3
28.0
26.1
25.4
24.8
24.4
24.4
24.4
25.0
25.0
23.8
24.4
26.1
28.3
29.5
30.7
31.6
31.6
31.6
32.6
33.3
26.1
22.7
23.3
23.2
23.3
23.3
23.2
23.3
23.3
23.3
23.3
23.3
23.3
23.3
22.9
23.6
24.8
26.1
27.6
28.8
30.0
31.8
33.3
33.8
33.8
30.5
29.4
28.5
27.7
27.2
26.9
26.6
26.6
26.6
26.1
25.5
25.5
25.0
25.0
26.1
27.7
29.4
31.2
32.7
33.8
34.4
34.4
34.5
34.4
34.4
33.3
32.1
31.1
30.5
29.8
29.2
28.8
28.3
28.3
27.8
27.2
26.6
26.7
27.9
29.6
31.4
33.3
34.1
34.6
35.0
35.0
35.0
35.0
35.0
34.0
32.8
31.6
30.9
30.1
29.4
28.8
27.2
26.6
26.1
25.7
25.5
25.2
26.0
27.4
28.9
30.5
31.5
32.1
32.6
32.7
32.4
32.1
31.5
29.8
28.2
26.6
25.5
24.4
23.4
22.5
21.6
21.0
20.5
19.9
19.4
19.4
20.5
22.2
24.2
26.2
27.9
29.3
30.6
31.6
31.7
31.6
31.1
29.4
28.1
26.8
26.0
25.2
24.4
23.6
22.7
22.0
21.3
20.5
21.1
21.1
23.0
25.5
27.2
28.6
29.7
30.5
31.2
31.5
31.6
31.1
30.2
28.8
27.2
26.0
25.3
24.5
23.8
23.5
23.0
22.7
21.8
20.7
19.7
18.8
21.6
25.0
26.7
28.4
29.9
31.0
32.0
32.7
32.8
32.7
32.2
31.6
30.4
29.4
28.3
28.3
28.3
27.7
27.2
26.1
25.6
24.9
24.3
23.8
23.8
25.2
26.6
28.8
30.3
31.5
32.6
33.3
33.3
33.8
33.8
32.2
30.7
29.4
28.0
26.6
25.7
25.0
24.3
23.8
23.3
22.7
22.2
22.3
23.6
25.4
27.2
29.0
30.5
32.2
33.8
33.8
33.8
33.4
32.8
31.6
29.7
28.0
26.6
26.3
26.1
25.5
24.4
23.8
22.7
21.6
21.6
21.1
22.7
24.4
27.1
29.8
32.2
33.0
33.8
35.0
35.0
34.4
33.8
32.7
31.8
31.1
27.2
26.6
26.2
25.9
25.5
24.6
23.8
22.7
21.6
21.6
23.3
26.6
29.4
31.4
33.1
34.4
35.1
35.5
35.5
36.6
35.0
33.5
31.7
30.1
28.8
28.8
28.8
28.1
27.3
26.6
25.9
25.0
24.4
24.4
25.5
27.2
29.9
32.6
35.0
35.0
36.0
36.6
36.2
35.5
33.8
33.3
31.8
30.5
30.0
29.4
28.8
28.3
28.3
27.2
26.1
26.1
25.5
25.0
26.2
27.9
29.7
31.6
33.0
34.0
35.0
35.6
36.0
36.1
35.5
34.4
33.3
31.6
30.5
29.9
29.5
29.2
28.8
27.9
27.0
26.1
25.5
24.4
26.1
27.7
29.4
31.1
32.9
34.3
35.6
36.6
36.7
36.6
36.1
33.8
33.2
32.7
31.8
30.9
30.0
29.4
28.0
26.6
26.1
25.5
25.0
24.4
25.0
27.2
27.8
30.6
32.3
34.0
36.3
37.4
37.5
33.6
33.1
32.6
32.7
32.2
35.0
24.4
24.7
24.0
23.3
22.6
23.0
23.2
22.5
22.8
25.1
26.4
27.7
32.0
33.0
33.0
33.0
33.0
33.0
34.0
33.0
33.0
31.4
30.0
30.0
28.9
27.7
26.6
25.4
24.3
23.1
22.0
21.0
20.0
19.0
20.0
24.0
25.0
26.0
25.0
26.0
27.0
27.0
27.0
26.0
26.0
25.0
24.0
24.0
23.0
22.0
22.0
21.0
21.0
20.0
19.0
19.0
20.0
21.0
22.0
24.0
27.0
28.0
29.0
30.0
31.0
31.0
31.0
31.0
31.0
28.0
28.0
26.0
23.0
24.0
24.0
23.0
23.0
23.0
23.0
23.0
23.0
24.0
26.0
28.0
31.0
32.0
33.1
34.0
36.0
36.0
36.0
36.0
36.0
33.0
30.0
29.0
29.0
27.0
27.0
26.0
24.0
24.0
23.0
23.0
22.0
22.0
22.0
23.0
24.0
27.0
29.0
31.0
32.0
33.0
33.0
32.0
31.0
30.0
28.0
28.0
27.0
26.0
26.0
25.0
24.0
23.0
23.0
22.0
22.0
23.0
24.0
27.0
29.0
32.0
33.0
34.0
35.0
36.0
35.0
34.0
33.0
32.0
31.0
30.0
29.0
30.0
30.0
30.0
29.0
29.0
29.0
27.0
27.0
27.0
29.0
31.0
32.0
33.0
34.0
36.0
37.0
37.0
37.0
36.0
34.0
32.0
32.0
31.0
31.0
30.0
30.0
30.0
29.0
29.0
28.0
26.0
25.0
26.0
28.0
28.0
28.0
29.0
29.0
30.0
29.0
30.0
30.0
29.0
28.0
26.0
26.0
24.0
23.0
22.0
21.0
19.0
18.0
18.0
17.0
16.0
16.0
17.0
18.0
20.0
22.0
23.0
24.0
26.0
26.0
26.0
25.0
25.0
23.4
22.0
21.0
19.0
19.0
18.0
17.0
17.0
16.0
16.0
15.0
14.0
14.0
16.0
18.0
20.0
22.0
24.0
25.0
26.0
26.0
26.0
26.0
26.0
24.0
23.0
22.0
21.0
21.0
21.0
20.0
20.0
21.0
18.0
17.0
17.0
17.0
18.0
20.0
22.0
23.0
25.0
26.0
27.0
28.0
28.0
28.0
27.0
26.0
24.0
23.0
22.0
22.0
19.0
18.0
19.0
19.0
18.0
18.0
16.0
17.0
18.0
21.0
23.0
27.0
29.0
31.0
32.0
33.0
33.0
33.0
33.0
31.0
28.0
27.0
27.0
25.0
23.0
25.0
26.0
24.0
24.0
23.0
22.0
23.0
23.0
25.0
28.0
29.0
31.0
32.0
33.0
32.0
33.0
32.0
32.0
31.0
29.0
28.0
28.0
28.0
28.0
26.0
25.0
25.0
24.0
24.0
24.0
23.0
23.0
22.0
22.0
22.0
22.0
22.0
22.0
22.0
22.0
22.0
22.0
22.0
21.0
21.0
21.0
21.0
22.0
22.0
22.0
22.0
22.0
22.0
21.0
21.0
21.0
21.0
22.0
21.0
22.0
23.0
23.0
24.0
24.0
26.0
25.0
25.0
24.0
24.0
23.0
22.0
22.0
22.0
21.0
21.0
21.0
21.0
20.0
20.0
21.0
22.0
23.0
24.0
27.0
28.0
27.0
29.0
29.0
28.7
28.0
25.9
24.0
24.0
23.0
22.9
23.0
23.0
22.0
22.0
22.0
22.0
22.0
22.0
22.0
22.0
23.0
24.0
26.0
28.0
28.0
28.0
28.0
26.0
28.0
24.0
24.0
23.0
23.0
22.0
22.0
22.0
22.0
21.0
21.0
21.0
21.0
21.0
21.0
22.0
22.0
22.0
23.0
24.0
24.0
26.0
27.0
28.0
28.0
26.0
24.0
24.0
23.0
23.0
23.0
22.0
21.0
21.0
21.0
20.0
20.0
19.0
20.0
21.0
22.0
26.0
27.0
28.0
28.0
29.0
30.0
29.0
29.0
28.0
27.0
26.0
26.0
25.0
26.0
24.0
24.0
23.0
22.0
21.0
22.0
21.0
22.0
24.0
26.0
28.0
30.0
31.0
32.0
31.0
32.0
32.0
31.0
29.0
29.0
28.0
28.0
27.0
27.0
26.0
26.0
26.0
25.0
23.0
22.0
22.0
22.0
21.0
21.0
21.0
21.0
21.0
22.0
22.0
24.0
25.0
24.0
22.0
22.0
22.0
22.0
22.0
22.0
21.0
21.0
21.0
20.0
20.0
21.0
21.0
20.0
21.0
18.0
18.0
18.0
21.0
18.0
16.0
16.0
16.0
16.0
16.0
16.0
15.0
15.0
15.0
15.0
15.0
15.0
15.0
15.0
14.0
14.0
14.0
14.0
14.0
16.0
17.0
19.0
20.0
21.0
22.0
22.0
21.0
21.0
19.0
18.0
17.0
16.0
15.0
14.0
14.0
13.0
13.0
13.0
13.0
12.0
12.0
13.0
14.0
17.0
20.0
21.7
23.0
23.8
24.0
24.0
25.0
24.0
23.0
22.0
22.0
22.0
22.0
22.0
22.0
22.0
21.0
21.0
22.0
22.0
22.0
21.0
21.0
22.0
22.0
23.0
24.0
26.0
26.0
24.0
23.0
22.0
22.0
22.0
22.0
22.0
22.0
22.0
21.0
21.0
21.0
21.0
21.0
21.0
21.0
22.0
24.0
26.0
26.0
27.0
30.0
31.0
32.0
32.0
32.0
31.0
29.0
29.0
28.0
28.0
27.0
27.0
27.0
26.0
26.0
25.0
25.0
24.0
24.0
24.0
25.0
27.0
28.0
29.0
30.0
31.0
30.0
31.0
30.0
29.0
28.0
28.0
27.0
26.0
27.0
27.0
26.0
26.0
26.0
24.0
23.0
23.0
23.0
23.0
24.0
26.0
27.0
27.0
26.0
24.0
27.0
26.0
26.0
24.0
23.0
22.0
22.0
23.0
22.0
22.0
22.0
21.0
22.0
21.0
21.0
20.0
20.0
21.0
22.0
23.0
23.0
26.0
27.0
29.0
31.0
31.0
31.0
30.0
29.0
29.0
27.0
27.0
25.0
24.0
24.0
20.0
21.0
21.0
21.0
21.0
21.0
20.0
21.0
23.0
27.0
28.0
29.0
29.0
29.0
29.0
28.0
27.0
26.0
26.0
26.0
25.0
24.0
24.0
23.0
23.0
22.0
22.0
22.0
23.0
21.0
21.0
21.0
21.0
22.0
23.0
25.0
25.0
25.0
26.0
27.0
27.0
26.0
24.0
23.0
21.0
19.6
18.1
16.7
15.3
13.9
12.4
11.0
11.0
11.0
11.0
14.0
17.0
19.0
22.0
23.0
24.0
25.0
25.0
25.0
24.0
22.0
22.0
20.0
19.0
19.0
17.0
16.0
16.0
16.0
14.0
14.0
14.0
14.0
14.0
17.0
20.0
22.0
24.0
26.0
27.0
27.0
27.0
26.7
26.0
24.0
22.0
21.0
21.0
20.0
19.0
19.0
18.0
18.0
18.0
17.0
17.0
17.0
17.0
18.0
21.0
22.0
23.0
24.0
25.0
26.0
26.0
26.0
25.0
23.0
22.0
20.0
20.0
20.0
19.0
18.5
18.4
18.0
17.0
17.0
16.0
16.0
16.0
16.0
17.0
19.0
21.0
21.0
20.0
19.0
19.0
17.0
16.0
14.0
12.0
11.0
10.0
9.0
9.0
9.0
9.0
9.0
9.0
9.0
9.0
9.0
8.0
8.0
7.0
8.0
9.0
11.0
13.0
14.0
14.0
13.0
13.0
12.0
11.0
10.0
9.0
8.0
7.0
7.0
7.0
6.0
5.0
3.0
4.0
4.0
4.0
6.0
10.0
13.0
15.0
16.0
17.0
17.0
18.0
17.0
17.0
15.0
15.0
14.0
11.0
12.0
10.0
9.0
9.0
9.0
8.0
9.0
8.0
8.0
8.0
11.0
13.0
16.0
18.0
18.0
19.0
19.0
19.0
19.0
18.0
16.0
16.0
14.0
14.0
13.0
13.0
12.0
13.0
12.6
12.2
12.0
12.0
12.0
12.0
11.0
12.0
13.0
17.0
19.0
21.0
22.0
23.0
23.0
22.0
21.0
20.0
18.0
17.0
17.0
17.0
17.0
18.0
18.0
17.0
16.0
17.0
17.0
17.0
18.0
18.0
19.0
22.0
22.0
23.0
23.0
23.0
22.0
22.0
21.0
20.0
19.0
19.0
19.0
19.0
19.0
18.0
19.0
20.0
21.0
20.0
21.0
22.0
22.0
16.0
14.0
15.0
17.0
18.0
19.0
19.0
19.0
18.0
17.0
17.0
17.0
15.0
14.0
14.0
13.0
13.0
12.0
12.0
11.0
11.0
9.0
9.0
11.0
13.0
14.0
16.0
17.0
18.0
19.0
19.0
19.0
17.0
16.0
14.0
13.0
12.0
12.0
11.0
10.0
9.0
9.0
9.0
8.0
9.0
9.0
9.0
11.0
13.0
14.0
14.0
13.0
14.0
14.0
14.0
15.0
15.0
14.0
13.0
13.0
13.0
13.0
13.0
13.0
14.0
14.0
15.0
14.0
14.0
14.0
15.0
15.0
14.0
14.0
14.0
14.0
16.0
17.0
18.0
18.0
17.0
16.0
16.0
14.0
13.0
12.0
11.0
11.0
11.0
9.0
8.0
9.0
10.0
9.0
9.0
10.0
12.0
13.0
14.0
16.0
16.0
17.0
17.0
17.0
17.0
15.0
13.0
12.0
12.0
12.0
11.0
9.0
10.0
9.0
10.0
10.0
11.0
11.0
9.0
8.0
7.0
7.0
6.0
4.0
4.0
5.0
6.0
7.0
8.0
7.0
7.0
6.0
6.0
6.0
5.0
4.0
5.0
4.0
4.0
4.0
3.0
3.0
3.0
4.0
6.0
9.0
11.0
11.0
12.0
13.0
13.0
13.0
12.0
10.0
9.0
8.0
7.0
6.0
6.0
4.0
5.0
4.0
5.0
5.0
6.0
5.0
6.0
8.0
11.0
13.0
15.0
17.0
18.0
19.0
19.0
18.0
17.0
15.0
13.0
13.0
13.0
13.0
12.0
12.0
12.0
12.0
12.0
11.0
11.0
10.0
11.0
12.0
13.0
15.0
16.2
17.0
18.0
18.0
18.0
18.0
17.0
15.0
14.0
13.0
11.0
11.0
9.0
8.0
8.0
7.0
6.0
7.0
5.0
5.0
3.0
6.0
10.0
13.0
16.0
16.0
17.0
17.0
18.0
18.0
17.0
16.0
13.0
12.0
11.0
10.0
9.0
9.0
8.0
7.0
7.0
7.0
7.0
6.0
7.0
9.0
14.0
18.0
20.0
21.0
22.0
23.0
23.0
23.0
22.0
20.0
18.0
17.0
18.0
17.0
17.0
17.0
17.0
16.0
16.0
14.0
15.0
14.0
14.0
16.0
18.0
19.0
19.0
21.0
23.0
23.0
23.0
24.0
23.0
22.0
21.0
19.0
18.0
18.0
17.0
17.0
16.0
16.0
15.0
14.0
16.0
17.0
17.0
17.0
17.0
18.0
19.0
21.0
22.0
22.0
23.0
22.0
22.0
22.0
22.0
22.0
21.0
21.0
20.0
20.0
19.0
18.0
17.0
13.0
13.0
15.0
16.0
16.0
16.0
18.0
23.0
23.0
23.0
24.0
25.0
25.0
24.0
23.0
21.0
20.0
20.0
19.0
19.0
18.0
18.0
18.0
18.0
16.0
14.0
12.0
11.0
13.0
12.0
11.0
12.0
13.0
16.0
18.0
18.0
17.0
16.0
14.0
12.0
11.0
11.0
10.0
11.0
10.0
8.0
9.0
8.0
8.0
7.0
8.0
7.0
7.0
8.0
11.0
10.0
11.0
12.0
13.0
13.0
13.0
13.0
12.0
11.0
9.0
8.0
8.0
8.0
6.0
6.0
5.0
4.0
4.0
4.0
4.0
4.0
6.0
7.0
8.0
9.0
10.0
11.0
12.0
12.0
12.0
10.7
9.0
7.0
7.0
6.0
4.0
4.0
3.0
2.0
1.0
0.0
0.0
-2.0
-1.0
-1.0
1.0
4.0
6.0
7.0
9.0
11.0
12.0
12.0
12.0
11.0
10.0
10.0
9.4
9.0
9.0
8.0
8.0
7.0
9.0
8.0
8.0
8.0
8.0
8.0
10.0
13.0
15.0
17.0
19.0
20.0
21.0
22.0
21.0
19.0
18.0
17.0
17.0
16.0
16.0
16.0
14.0
14.0
13.0
13.0
12.0
12.0
12.0
11.0
12.0
14.0
16.0
17.0
18.0
19.0
20.0
21.0
19.0
20.0
18.0
17.0
16.0
16.0
15.0
13.0
14.0
13.0
14.0
13.0
13.0
13.0
13.0
13.0
14.0
16.0
18.0
19.0
21.0
22.0
23.0
22.0
21.0
21.0
19.0
18.0
18.0
17.0
17.0
17.0
16.0
15.7
15.0
16.0
15.0
15.0
15.0
15.0
15.0
16.0
17.0
17.0
19.0
20.0
20.0
21.0
21.0
20.0
19.0
19.0
18.0
18.0
15.1
12.3
9.4
6.6
3.7
0.9
-2.0
-3.0
-3.0
-3.0
-3.0
-1.0
0.0
1.0
3.0
3.0
4.0
5.0
5.0
4.0
3.0
2.0
2.0
1.0
0.0
0.0
-1.0
0.0
0.0
-1.0
1.0
-1.0
1.0
1.0
2.0
2.0
3.0
3.0
3.0
3.0
3.0
3.0
3.0
2.0
2.0
3.0
3.0
3.0
3.0
3.0
3.0
3.0
3.0
3.0
3.0
3.0
4.0
4.0
4.0
5.0
5.0
5.0
5.0
5.0
6.0
6.0
6.0
6.0
6.0
6.0
6.0
4.0
4.0
3.0
3.0
2.0
2.0
1.0
1.0
-1.0
-1.0
-2.0
-1.0
1.0
3.0
5.0
7.0
8.0
8.0
8.0
8.0
7.0
7.0
7.0
6.0
6.0
5.0
5.0
5.0
4.0
3.0
3.0
3.0
3.0
3.0
3.0
3.0
3.0
4.0
4.0
6.0
8.0
8.0
8.0
8.0
8.0
7.0
7.0
7.0
6.0
6.0
6.0
4.0
4.0
2.0
2.0
1.0
1.0
1.0
0.0
1.0
2.0
5.0
7.0
10.0
12.0
13.0
14.0
15.0
14.0
13.0
11.0
10.0
6.0
5.0
4.0
4.0
4.0
3.0
2.0
3.0
6.0
4.0
4.0
5.0
9.0
14.0
16.0
18.0
20.0
21.0
21.0
19.0
19.0
17.0
16.0
16.0
16.0
16.0
14.0
14.0
13.0
13.0
13.0
12.0
12.0
11.0
11.0
12.0
13.0
15.0
16.0
17.0
18.0
18.0
19.0
19.0
18.0
17.0
16.0
15.0
16.0
16.0
14.0
14.0
14.0
14.0
13.0
12.0
12.0
13.0
13.0
14.0
15.0
17.0
18.0
20.0
20.0
19.0
20.0
19.0
18.0
18.0
18.0
18.0
16.0
14.0
12.0
12.0
13.0
13.0
13.0
13.0
12.0
12.0
11.0
11.0
11.0
12.0
13.0
14.0
15.0
15.0
14.0
13.0
12.0
10.0
8.0
7.0
6.0
4.0
4.0
3.0
3.0
2.0
1.6
1.0
1.0
1.0
0.0
1.0
2.0
3.0
4.0
6.0
7.0
8.0
8.0
7.0
7.0
6.0
4.0
4.0
3.0
1.0
1.0
0.0
-1.0
-1.0
-1.0
-1.0
-2.0
-1.0
-1.0
-1.0
2.3
6.0
9.0
11.0
13.0
14.0
14.0
14.0
13.0
12.0
10.0
9.0
9.1
9.0
7.0
7.0
7.0
6.0
5.0
5.0
4.0
4.0
3.0
5.0
9.0
13.0
15.0
17.0
18.0
18.0
19.0
18.0
17.0
17.0
15.0
14.0
14.0
14.0
13.0
13.0
13.0
13.0
12.0
11.0
11.0
10.0
8.0
10.0
11.0
11.0
11.0
11.0
10.0
9.0
9.2
9.0
9.0
9.0
9.0
9.0
8.0
7.0
6.0
4.0
4.0
4.0
3.0
3.0
2.0
1.0
2.0
1.0
1.0
2.0
3.0
4.0
6.0
6.0
7.0
6.0
6.0
4.0
3.0
2.0
3.0
3.0
3.0
3.0
2.0
3.0
3.0
3.0
2.0
2.0
2.0
2.0
3.0
3.0
4.0
6.0
7.0
7.0
8.0
7.0
7.0
6.0
6.0
4.0
4.0
3.0
2.0
2.0
2.0
1.0
1.0
-1.0
-1.0
-1.0
-1.0
-1.0
2.0
5.0
8.0
9.0
11.0
11.0
12.0
11.0
11.0
9.0
8.0
6.0
6.1
6.0
6.0
6.0
6.0
6.0
9.0
8.0
8.0
7.0
8.0
6.0
10.0
12.0
13.0
14.0
12.0
11.0
10.0
11.0
11.0
11.0
10.0
8.0
8.0
6.5
5.2
4.0
4.0
3.0
3.0
2.0
2.0
2.0
2.0
3.0
7.0
10.0
13.0
14.0
15.0
15.0
15.0
15.0
13.0
12.0
12.0
11.0
10.0
10.0
8.0
8.0
8.0
7.0
6.0
6.0
5.0
6.0
6.0
6.0
8.0
11.0
13.0
14.0
16.0
16.7
17.0
16.0
14.0
13.0
11.0
11.0
6.0
7.0
6.0
4.0
4.0
3.0
3.0
4.0
5.0
6.0
6.0
7.0
9.0
11.0
11.0
10.0
9.0
9.0
9.0
8.0
8.0
8.0
7.0
6.0
4.0
4.0
3.0
3.0
2.0
1.0
1.0
0.0
1.0
1.0
0.0
-1.0
2.0
3.0
6.0
7.0
7.0
8.0
9.0
9.0
7.0
7.0
6.0
6.0
5.0
6.0
6.0
6.0
7.0
8.0
6.0
6.0
6.0
5.0
3.0
6.0
8.0
9.0
11.0
12.0
12.0
12.0
13.0
12.0
10.0
9.0
8.2
7.5
7.0
6.0
4.0
3.0
4.0
4.0
5.0
5.0
5.0
4.0
4.0
4.0
4.0
4.0
4.0
3.0
3.0
2.0
2.0
1.0
0.0
-1.0
-1.0
-2.0
-2.0
-3.0
-3.0
-4.0
-4.0
-5.0
-5.0
-5.0
-5.0
-5.0
-6.0
-5.3
-4.0
-3.0
-3.0
-2.0
-2.0
-1.0
-1.0
-1.0
-1.0
-1.0
-2.0
-2.0
-2.0
-3.0
-2.0
-3.0
-3.0
-3.0
-3.0
-2.0
-3.0
-3.0
-3.0
-3.0
-2.0
-1.0
1.0
1.0
1.6
2.0
1.0
1.0
1.0
0.0
0.0
-1.0
-1.0
-1.0
-2.0
-2.0
-2.0
-3.0
-3.0
-3.0
-3.0
-3.0
-3.0
-3.0
-3.0
-2.0
-2.0
-1.0
-1.0
0.0
1.0
1.0
-1.0
-1.0
-1.0
-2.0
-2.0
-2.0
-2.0
-2.0
-3.0
-2.0
-3.0
-3.0
-3.0
-3.0
-3.0
-3.0
-1.0
2.0
4.0
6.0
7.0
8.0
9.0
9.0
8.0
8.0
6.0
7.0
7.0
7.0
8.0
7.0
7.0
5.0
5.0
6.0
6.0
5.0
4.0
5.0
6.0
7.0
12.0
13.0
14.0
15.0
16.0
15.0
14.0
13.0
12.0
12.0
12.0
10.0
9.0
8.0
7.0
6.0
5.0
2.0
0.0
-1.0
-3.0
-3.0
-3.0
-2.0
-1.0
1.0
1.0
2.0
2.0
2.0
1.0
0.0
-1.0
-1.0
-2.0
-0.7
0.3
1.5
2.6
3.8
4.9
6.1
6.0
6.1
5.5
6.1
7.7
10.5
12.2
14.4
16.1
16.6
17.2
16.6
15.0
13.3
11.6
10.5
10.5
10.5
10.5
10.5
10.0
9.4
8.3
7.7
7.7
7.7
7.7
7.7
8.8
11.1
13.3
14.4
15.0
15.3
15.3
15.0
15.0
15.0
14.4
13.8
13.3
13.8
13.3
13.8
13.3
13.3
12.7
12.2
12.2
11.6
12.2
12.2
12.7
13.3
14.4
15.0
15.5
16.6
15.7
14.4
13.3
12.7
10.5
12.2
11.1
9.4
10.5
7.7
7.7
7.7
8.3
10.0
10.5
10.0
10.5
11.1
11.6
12.7
15.0
16.6
17.2
17.7
17.7
17.2
17.2
15.0
13.3
13.3
13.3
13.3
12.2
12.2
7.2
5.0
3.8
2.7
1.6
1.6
0.5
0.0
0.0
0.5
2.2
2.2
2.7
3.8
3.8
3.8
3.3
2.7
2.7
2.4
2.2
2.2
1.6
1.2
1.1
1.1
0.0
-0.6
-0.6
-0.6
0.0
0.0
0.0
0.0
0.5
0.5
0.5
0.5
0.5
0.8
0.5
0.5
0.5
1.1
1.1
1.1
1.1
1.1
1.1
-1.7
-2.3
-3.4
-3.4
-3.9
-3.9
-4.5
-3.9
-3.5
-3.4
-2.8
-2.3
-2.3
-2.3
-2.3
-2.3
-1.7
-1.7
-1.7
-1.2
-1.2
-0.6
0.0
0.0
0.0
0.5
0.5
1.1
1.1
1.1
1.1
1.6
1.6
2.2
2.7
2.2
2.2
2.2
1.6
1.1
1.1
1.1
1.1
1.1
1.1
0.5
0.0
-0.6
-0.6
-0.6
-1.2
-1.7
-1.7
-1.7
-1.7
-1.7
-1.2
-1.2
-1.2
0.0
0.7
1.1
0.5
0.0
-1.2
-1.7
-1.7
-2.8
-2.8
-3.4
-3.9
-3.4
-3.4
-2.8
-3.4
-3.9
-3.9
0.5
-4.5
-4.5
-2.8
-1.7
1.6
2.2
2.2
1.6
1.1
-0.6
-2.3
-3.4
-5.0
-5.6
-6.7
-7.3
-8.4
-8.9
-9.5
-10.0
-10.6
-11.2
-11.7
-11.7
-11.0
-9.5
-8.4
-7.3
-5.5
-3.9
-2.8
-1.7
-2.3
-2.8
-2.8
-2.8
-2.8
-3.4
-3.4
-3.4
-3.4
-2.8
-3.4
-2.8
-2.8
-2.8
-2.8
-3.9
-3.9
-1.7
0.0
2.2
4.4
5.5
6.6
6.1
5.0
3.8
2.2
1.1
0.0
0.5
0.5
0.5
0.5
0.5
-1.2
-1.2
-2.3
-2.3
-2.8
-2.8
-2.8
-1.7
-1.2
0.0
2.2
3.8
4.4
4.4
3.8
2.7
2.2
1.6
0.5
0.0
-0.7
-1.2
-1.2
-1.7
-1.2
-1.2
-1.2
-1.2
-2.3
-2.3
-2.3
-1.7
0.5
1.6
2.7
3.3
3.3
3.8
3.8
3.8
3.8
3.3
2.7
2.7
3.3
3.8
4.4
5.5
5.0
5.0
4.4
3.3
2.2
1.4
0.5
1.6
3.3
3.8
6.6
7.7
9.4
9.3
8.8
7.7
6.1
5.0
3.8
2.7
5.5
5.0
5.0
5.5
5.0
4.3
3.8
3.8
3.8
3.8
4.4
5.0
5.5
5.5
5.5
5.5
5.6
5.5
6.1
4.9
3.8
3.3
2.7
2.2
1.5
1.1
1.1
0.5
0.5
0.7
1.1
0.5
1.8
3.1
4.4
4.6
5.5
8.3
10.0
11.6
12.3
12.7
11.6
10.5
8.7
6.8
5.3
3.8
2.2
1.7
1.0
0.6
0.0
-0.6
-1.2
-1.2
-2.0
-2.7
-3.4
-1.2
1.6
3.0
4.4
6.1
7.3
8.2
8.8
6.1
5.5
4.8
4.5
4.2
3.8
3.3
2.6
2.2
2.5
2.7
2.2
1.6
2.2
3.3
4.8
7.2
7.7
10.0
12.2
13.2
13.8
14.1
14.0
13.3
12.2
11.1
10.8
10.5
9.4
8.8
8.1
7.7
6.6
6.5
6.6
6.6
5.5
5.3
5.0
3.3
8.8
8.3
8.3
7.4
6.1
5.0
5.2
4.7
4.4
3.9
3.8
3.8
3.8
4.4
3.8
2.7
2.7
2.7
2.7
2.7
2.7
2.7
3.3
3.2
3.8
4.4
5.0
5.5
6.1
6.1
6.6
7.2
6.6
6.6
6.1
6.1
5.5
5.5
5.0
5.0
3.8
3.3
1.6
1.1
1.1
1.1
1.1
1.1
-0.6
0.0
1.6
2.7
3.8
3.8
4.4
4.4
3.8
2.7
2.7
2.7
3.3
2.2
2.2
1.6
1.1
0.5
0.5
0.5
0.0
0.0
-0.6
-0.6
0.0
0.5
1.1
2.2
4.4
-0.6
6.1
4.4
2.7
1.1
1.1
-0.6
-1.7
-2.3
-2.3
-2.8
-2.8
-3.9
-3.9
-4.5
-5.0
-5.0
-5.0
-3.9
-2.8
-1.7
0.5
5.0
7.2
7.7
7.2
5.5
3.3
2.2
0.5
-0.6
-0.6
-0.6
-2.3
-2.8
-2.8
-3.4
-2.8
-2.3
-2.8
-3.4
-3.9
-3.7
-2.8
-1.7
-0.6
0.0
1.1
2.7
2.2
2.2
2.2
1.1
0.5
0.0
0.0
0.0
0.0
-0.6
-0.6
-0.6
-0.6
-0.6
-0.6
-1.2
-1.2
-1.2
0.0
1.6
5.0
10.0
11.1
12.7
12.7
10.0
8.8
7.2
6.6
6.1
6.1
4.4
1.1
2.7
3.8
5.0
0.5
4.4
4.4
2.2
3.8
5.5
8.8
11.6
12.7
13.8
15.5
16.1
15.5
14.4
11.6
11.6
10.0
10.0
8.6
7.4
6.1
5.0
1.1
1.1
-1.2
1.6
0.5
-0.6
-1.2
1.0
3.8
5.5
7.7
9.4
10.5
10.5
4.4
3.3
1.6
1.6
1.6
1.6
1.6
1.6
1.6
1.1
1.1
1.1
1.6
1.6
1.6
1.6
1.6
2.2
2.2
3.0
3.8
4.4
6.1
6.3
6.1
5.2
4.4
3.5
3.0
2.6
2.0
1.6
1.6
0.5
0.3
0.0
0.0
-1.2
-1.2
-1.2
-1.7
-0.6
1.1
2.5
3.8
6.1
6.6
6.6
6.1
5.5
5.0
4.2
3.8
3.4
3.0
2.7
2.6
2.7
2.5
2.4
2.3
2.2
2.2
1.6
1.6
1.6
1.6
1.1
0.0
0.0
-0.2
-0.6
-0.9
-1.8
-2.6
-3.4
-3.9
-4.5
-4.9
-5.0
