7.2
5.0
5.0
5.0
5.6
6.1
7.8
6.7
6.7
7.8
7.8
8.9
9.4
6.1
6.7
6.7
6.1
6.1
6.1
6.1
6.1
5.6
6.1
6.1
6.1
6.7
6.1
6.1
6.7
6.1
6.1
6.1
6.7
6.7
6.7
8.3
8.9
7.8
8.3
7.8
7.8
8.9
9.4
8.9
8.3
7.2
6.7
6.7
7.2
7.2
8.9
8.3
8.3
7.8
7.8
7.8
7.2
7.2
7.2
7.8
7.8
8.9
8.9
8.3
7.8
7.2
7.2
6.7
7.2
7.2
7.2
7.2
6.7
6.1
6.1
6.1
5.6
5.6
5.0
6.1
5.6
5.6
5.6
6.7
6.7
7.8
7.8
7.8
7.8
7.2
6.7
5.0
4.4
4.4
5.0
3.9
3.3
1.7
2.8
2.2
0.0
0.0
-1.1
0.6
0.6
-0.6
2.8
2.2
2.8
3.3
5.0
6.7
6.1
3.9
3.3
2.2
2.2
2.8
2.8
0.0
-0.6
-2.2
-1.7
-1.7
-1.7
-1.1
-1.7
-2.2
-2.8
-2.2
-1.1
-0.6
0.6
1.1
3.9
3.3
3.3
1.7
1.1
0.6
1.1
1.1
0.6
0.0
-1.1
-1.7
-1.7
-1.7
-1.7
-2.2
-2.2
-2.2
-3.9
-3.3
-2.2
-1.7
-0.6
0.6
2.8
3.3
2.8
2.2
1.7
2.2
0.0
-0.6
0.6
1.1
-1.1
-0.6
0.0
-1.7
-2.2
-1.7
-2.2
-3.9
-3.3
-1.7
-1.7
0.6
1.7
4.4
5.0
5.6
4.4
2.2
3.3
3.3
2.8
2.2
2.8
2.8
2.2
2.2
1.1
1.7
0.6
0.6
-1.7
-0.6
0.0
0.6
2.2
4.4
6.7
6.7
7.8
5.6
5.0
5.0
5.0
5.6
5.6
5.0
5.6
5.6
6.1
6.1
5.6
5.6
5.6
5.6
5.0
3.9
5.0
5.6
6.7
7.2
7.8
8.9
9.4
8.9
10.0
10.0
9.4
9.4
8.9
9.4
10.0
8.9
8.9
9.4
10.0
9.4
9.4
10.0
10.0
9.4
9.4
10.0
10.6
11.1
11.1
11.7
14.4
14.4
14.4
12.2
12.8
12.2
12.8
11.1
11.1
9.4
8.3
8.3
9.4
7.8
7.2
6.7
6.7
6.7
6.7
6.7
6.7
7.2
7.2
7.8
8.3
7.2
7.8
7.2
6.7
5.0
5.6
5.6
5.6
5.0
4.4
3.9
3.9
3.9
3.9
3.3
3.3
2.8
2.8
2.8
3.3
3.9
4.4
5.0
5.0
5.0
3.3
2.2
1.1
0.6
0.6
0.6
0.6
0.6
0.6
1.1
1.7
2.2
1.7
2.2
2.2
2.2
2.2
2.2
2.8
2.8
3.9
5.0
5.0
5.0
3.9
2.8
2.2
1.1
1.1
0.6
0.6
0.0
-0.6
-1.7
-1.7
-2.8
-3.3
-2.8
-2.2
-3.3
-3.9
-2.8
-1.1
0.0
0.6
1.7
2.2
1.7
1.7
1.1
0.6
1.1
-1.1
0.6
0.0
0.0
-0.6
-0.6
-1.1
-1.7
-2.2
-2.2
-2.2
-1.7
-1.1
-0.6
0.0
1.1
1.7
2.2
2.2
2.2
2.2
1.7
1.7
1.7
1.7
1.7
1.7
1.7
1.7
1.1
1.1
1.1
1.7
1.7
1.1
1.7
1.7
1.7
2.8
2.8
3.9
4.4
4.4
4.4
3.9
3.9
2.8
3.3
2.8
2.2
2.8
2.2
2.2
1.7
1.1
1.7
1.7
1.7
2.2
2.8
3.3
3.3
3.9
4.4
4.4
4.4
4.4
4.4
3.9
3.3
3.3
2.8
3.3
3.3
3.3
3.3
3.3
3.3
2.8
2.2
2.8
2.8
2.8
2.2
2.8
2.8
3.3
3.9
4.4
4.4
5.6
4.4
3.9
3.9
2.8
2.2
1.7
1.7
1.1
0.6
0.6
1.1
0.0
0.0
-0.6
0.0
0.0
-0.6
0.6
0.6
3.9
5.6
5.6
6.7
6.7
7.2
5.6
4.4
3.3
2.8
2.8
1.7
1.1
1.1
0.6
1.1
0.0
0.0
1.1
0.6
0.6
-0.6
-0.6
-1.1
-0.6
-0.6
0.6
1.7
2.8
3.3
3.3
4.4
4.4
2.2
1.7
1.7
2.8
1.7
1.1
1.7
1.7
1.1
-0.6
0.6
1.7
2.2
2.8
3.3
4.4
6.1
6.1
7.2
7.8
7.8
7.8
6.7
5.6
5.6
5.6
6.1
6.1
5.6
5.6
5.0
4.4
5.0
4.4
4.4
3.9
4.4
3.9
3.9
4.4
4.4
5.0
6.7
7.2
8.3
7.8
6.7
6.1
5.6
5.0
4.4
4.4
5.0
5.6
4.4
4.4
4.4
5.0
5.0
5.0
6.1
5.0
5.6
6.1
6.1
6.7
7.8
7.2
7.2
6.7
6.1
5.6
4.4
4.4
5.0
4.4
4.4
5.6
5.6
5.0
5.6
5.6
5.6
5.6
5.0
4.4
5.6
5.6
6.1
6.1
6.1
6.7
8.3
8.3
7.8
7.8
7.2
7.2
6.7
6.1
6.1
6.1
5.6
5.6
5.6
5.6
5.0
4.4
5.6
5.0
4.4
4.4
5.0
5.0
5.6
5.6
5.6
6.1
7.8
8.3
8.3
8.3
8.3
7.8
7.2
7.2
7.8
7.8
7.2
7.8
6.1
6.1
5.6
7.8
6.7
7.8
10.0
11.7
11.7
10.0
8.3
8.3
8.3
8.3
8.3
8.3
7.8
7.8
7.8
7.2
7.8
7.8
7.8
6.1
5.6
6.1
6.1
6.1
6.7
7.2
7.2
7.2
7.8
7.3
6.7
6.7
6.7
6.7
6.1
6.7
6.1
6.7
6.1
6.1
6.1
7.2
6.7
7.8
7.2
6.1
6.7
6.1
6.1
7.2
7.8
8.3
9.4
11.1
10.0
11.1
10.0
9.4
9.4
10.0
10.0
10.0
10.6
9.4
10.0
7.8
7.2
6.1
6.1
6.1
5.6
5.6
5.6
6.7
7.8
8.3
7.8
6.7
6.7
5.6
5.0
5.0
5.6
5.0
5.0
5.6
5.6
6.1
5.0
4.4
4.4
4.4
5.0
5.6
5.0
5.6
6.1
6.7
6.7
7.2
7.2
5.6
5.6
5.6
5.6
5.6
5.0
5.0
5.0
5.6
6.3
6.9
7.5
8.1
8.8
9.4
8.3
9.4
10.0
9.4
8.9
10.6
6.7
8.3
10.0
11.7
12.2
12.2
11.1
8.9
8.9
7.2
6.7
6.7
6.1
7.2
3.9
5.0
5.0
4.4
3.9
5.6
5.6
5.0
5.0
7.8
8.3
10.6
11.7
11.1
10.0
10.6
10.6
10.6
10.6
10.0
7.8
8.3
8.3
8.9
7.8
8.3
8.3
7.2
7.2
7.2
6.7
7.2
7.2
8.3
10.0
10.6
9.4
10.6
10.0
8.9
8.9
8.9
8.9
8.9
8.3
7.8
7.2
6.7
7.2
7.2
7.2
7.2
7.2
7.2
7.2
7.8
7.8
8.3
8.9
8.9
8.3
7.8
7.8
7.8
7.2
7.2
6.7
6.1
6.1
6.1
6.1
6.1
6.1
5.6
5.6
5.0
4.4
3.3
3.9
3.9
4.4
5.0
5.6
6.7
6.7
7.8
8.3
8.3
7.2
5.6
6.1
5.0
5.0
4.4
5.0
5.6
3.9
2.8
4.4
4.4
4.4
3.9
3.3
3.9
3.9
5.0
5.6
6.7
7.8
8.3
8.3
7.8
7.2
4.4
3.9
3.9
3.3
3.3
3.3
3.3
4.4
3.9
3.9
3.9
3.9
2.8
3.3
2.8
3.3
4.4
5.0
5.6
6.7
7.8
8.3
7.8
7.2
6.1
5.6
5.0
3.9
2.2
2.8
3.3
2.2
0.6
1.1
1.1
1.1
-0.6
-0.6
-0.6
0.6
2.2
3.9
5.0
6.1
6.7
7.8
7.2
6.7
5.6
5.6
3.3
4.4
3.3
2.8
1.7
1.1
0.6
0.0
0.6
-1.1
0.6
-0.6
-1.1
1.7
3.3
4.4
6.1
6.1
6.7
6.1
5.6
5.0
2.8
3.3
4.4
3.9
3.9
3.3
2.8
2.8
1.7
1.7
0.6
2.2
2.8
0.6
0.6
1.7
2.8
3.9
5.0
5.6
6.1
6.7
6.7
5.6
4.4
3.9
4.4
3.3
3.3
3.9
2.8
2.8
2.8
2.8
2.8
2.8
3.3
3.3
3.9
4.4
5.0
6.1
6.1
7.2
7.2
7.8
6.7
7.2
6.7
5.6
5.6
4.4
3.9
2.8
2.8
1.7
1.1
2.2
0.6
0.6
-0.6
0.6
1.1
1.7
3.3
5.6
5.6
6.1
6.7
6.7
6.7
5.6
3.3
3.9
3.3
3.3
2.8
2.2
2.2
1.7
0.6
0.6
0.6
1.1
2.2
2.8
3.9
2.8
1.7
0.6
1.7
1.1
0.6
0.6
0.6
0.6
0.6
0.6
0.6
1.1
1.7
1.7
1.1
1.7
1.1
1.1
1.1
0.6
-0.6
0.6
1.1
1.7
1.7
3.3
5.0
6.1
5.6
6.1
6.1
5.0
4.4
3.3
3.9
3.3
3.3
3.3
2.8
2.2
2.2
2.2
2.8
2.8
2.8
3.3
3.3
3.9
5.0
5.6
7.8
10.6
11.1
10.0
11.1
10.6
10.0
9.4
9.4
8.9
7.8
6.1
6.1
5.6
4.4
4.4
3.9
3.9
2.8
2.8
2.8
2.2
2.2
2.8
2.8
3.3
2.8
2.8
2.8
2.8
2.8
2.2
2.2
1.7
1.7
1.1
1.1
1.7
1.7
1.7
1.7
1.1
1.1
1.1
1.7
1.1
0.6
1.7
1.7
2.2
3.3
3.9
3.9
3.3
2.2
1.7
1.7
1.1
1.1
0.0
-0.6
-1.7
-0.6
-0.6
-1.1
-1.1
-1.7
-2.2
-1.7
-0.6
1.1
1.7
2.8
3.3
4.4
3.3
2.8
1.1
-0.6
-0.6
-1.7
-1.7
-1.1
-1.7
-2.2
-3.9
-4.4
-3.3
-5.0
-5.6
-5.6
-5.0
-5.0
-3.3
-2.2
-1.7
0.0
1.7
2.2
2.2
2.8
1.7
0.0
-1.1
-1.1
-1.7
-1.7
-1.1
-1.7
-2.2
-1.7
-1.7
-1.7
-0.6
-0.6
0.0
0.0
1.1
3.3
5.6
6.1
6.7
7.2
8.3
8.3
7.8
7.2
6.1
5.0
4.4
4.4
3.9
4.4
3.9
3.3
2.2
1.7
1.7
1.7
1.7
1.1
2.2
3.3
3.9
4.4
4.4
4.4
4.4
5.0
4.4
3.9
4.4
4.4
4.4
4.4
3.9
3.9
6.1
7.2
7.8
7.8
7.8
7.8
6.7
7.2
7.2
8.3
8.9
10.0
9.4
10.0
10.0
9.4
8.9
8.9
8.9
8.9
8.9
8.3
7.8
7.2
6.7
6.7
6.1
6.1
5.6
6.1
7.2
9.4
11.1
11.7
11.7
11.7
11.7
12.2
12.2
12.2
12.2
12.2
12.2
12.2
12.8
12.8
12.2
12.2
12.8
12.2
12.8
13.9
13.9
13.9
13.9
13.9
13.9
13.9
13.3
12.8
11.7
12.8
13.3
13.9
13.9
13.9
13.3
12.2
11.1
10.6
11.1
11.1
10.6
10.6
11.1
11.1
10.6
11.1
11.1
11.7
11.7
12.8
13.9
15.0
15.0
14.4
12.8
12.8
12.8
11.1
10.6
10.0
10.6
10.6
10.0
10.0
10.0
8.3
8.9
8.9
8.9
8.3
10.0
8.3
9.4
10.6
11.7
12.2
12.8
13.3
14.4
14.4
14.4
11.1
10.0
9.4
9.4
8.3
7.2
8.3
10.6
8.3
9.4
13.9
6.7
6.1
7.2
7.8
8.3
11.1
13.9
16.7
17.8
18.3
20.0
19.4
18.9
17.2
16.1
13.9
12.2
12.2
12.2
12.2
11.7
11.7
11.7
11.1
10.0
10.6
10.6
10.6
10.6
10.6
11.1
11.7
12.8
14.4
13.9
13.9
14.4
11.1
10.0
9.4
9.4
8.3
7.2
6.1
5.0
3.9
2.8
1.7
0.0
0.0
-0.6
2.2
3.9
6.7
8.9
8.3
10.6
11.7
13.3
12.2
12.2
9.4
7.2
6.1
8.3
6.1
3.9
4.4
3.9
3.3
1.7
2.8
1.1
0.6
0.6
1.7
4.4
6.7
8.9
10.0
12.2
13.3
13.3
13.3
12.8
10.6
10.6
8.3
6.7
7.8
7.2
6.7
6.7
6.7
6.7
7.2
7.2
6.7
6.1
5.6
5.6
6.1
6.1
6.1
7.2
8.3
8.9
10.0
9.4
8.9
8.3
8.3
8.3
8.3
7.8
7.2
6.1
6.1
5.6
5.6
5.6
5.6
5.6
6.7
8.3
8.9
9.4
10.6
11.7
12.2
10.0
8.3
6.7
6.1
5.6
5.0
4.4
3.9
3.9
3.9
3.3
3.3
2.8
2.8
2.8
2.8
2.8
2.2
3.3
3.9
4.4
5.0
5.6
5.6
5.6
6.1
5.6
5.6
5.6
5.6
5.6
5.6
5.6
6.1
6.1
6.1
6.7
6.7
6.7
6.7
6.7
6.7
7.2
7.8
9.4
9.4
9.4
10.6
10.6
10.6
10.0
9.4
9.4
8.9
8.9
8.3
7.8
7.2
7.2
6.7
6.7
6.7
6.7
6.1
7.2
6.7
9.4
8.3
8.9
10.6
9.4
10.6
11.1
10.6
10.0
9.4
9.4
8.9
8.9
8.9
9.4
8.9
8.9
8.9
9.4
9.4
10.0
10.0
11.1
11.1
12.2
13.9
15.0
16.1
14.4
15.0
15.0
16.1
15.6
15.6
14.4
14.4
13.9
13.9
13.9
12.2
10.6
10.0
10.6
11.7
11.7
10.6
11.1
12.2
12.2
12.8
14.4
17.2
16.1
15.0
14.4
12.8
12.8
12.8
12.8
12.8
12.8
13.3
11.7
11.7
11.7
11.7
11.7
11.7
11.1
11.1
11.7
11.1
11.7
12.2
13.3
15.0
16.7
16.7
16.1
15.6
12.8
12.2
11.7
11.7
11.7
11.7
11.1
10.6
10.6
10.6
11.1
10.6
10.6
10.6
10.0
10.0
10.0
10.0
11.1
11.1
11.7
11.7
8.3
11.7
11.7
11.1
10.6
10.6
9.4
8.9
8.3
7.8
7.2
7.2
7.8
7.2
7.8
7.2
7.2
8.3
8.3
8.3
7.8
7.8
8.3
10.0
10.6
10.0
10.0
9.4
8.9
8.9
8.3
8.3
7.2
7.8
6.1
6.1
6.7
6.1
6.7
6.7
6.7
6.7
7.2
7.2
7.8
8.9
11.1
11.7
12.2
12.8
12.2
11.1
10.0
10.0
9.4
7.8
7.2
6.7
7.2
6.1
5.0
4.4
4.4
4.4
5.0
5.6
7.8
10.0
11.7
13.3
14.4
15.6
16.1
17.2
16.7
15.6
15.0
14.4
12.8
12.2
11.7
10.0
9.4
8.9
8.9
8.9
8.3
6.7
7.8
7.2
8.3
9.4
10.6
11.1
12.2
11.1
11.1
11.1
10.6
10.6
9.4
8.9
8.3
7.8
6.1
5.0
4.4
4.4
5.0
4.4
3.9
3.9
4.4
5.6
6.1
7.8
8.9
8.9
9.4
10.0
10.6
10.0
10.0
9.4
8.3
8.3
7.8
7.8
7.8
6.7
6.7
6.1
6.7
6.1
6.1
6.1
6.7
7.2
7.8
8.9
10.0
11.1
11.7
12.2
12.8
12.8
12.2
11.1
9.4
8.3
7.8
7.8
7.2
7.2
6.7
5.0
5.0
4.4
2.8
3.9
3.9
5.6
6.7
9.4
12.2
16.7
17.2
20.0
20.0
20.6
19.4
18.3
16.7
15.6
13.9
11.7
10.6
9.4
9.4
10.0
8.9
8.9
8.3
7.8
7.8
8.3
8.9
8.3
8.3
10.0
12.2
12.2
12.2
11.1
10.6
10.0
8.9
7.2
7.2
7.8
6.7
7.2
7.2
5.6
6.1
6.1
5.6
6.7
6.7
7.8
7.8
8.3
10.6
11.1
11.7
12.2
12.8
12.8
11.7
10.0
8.9
8.3
7.8
8.3
7.2
7.2
6.7
5.6
5.6
4.4
4.4
3.9
5.0
5.0
5.6
7.2
9.4
8.3
11.7
12.2
13.3
12.2
11.7
12.2
11.1
8.9
7.2
6.7
6.7
7.2
6.7
6.7
6.7
6.7
6.1
6.1
6.1
4.4
3.9
3.9
5.0
5.6
6.7
6.7
6.7
6.7
6.7
6.7
6.7
6.7
6.7
5.6
5.0
5.0
5.6
5.6
5.6
4.4
3.9
3.3
4.4
5.6
7.2
8.3
8.3
8.9
10.0
12.2
11.1
10.6
10.6
9.4
7.2
6.7
7.2
6.1
6.7
6.1
5.6
4.4
4.4
3.3
2.8
1.7
2.2
3.9
5.0
5.0
7.2
8.3
8.3
9.4
9.4
8.9
8.9
7.8
7.2
5.6
5.0
3.3
3.9
3.3
3.3
2.8
2.8
2.8
2.2
2.2
1.7
4.4
6.7
7.8
9.4
10.0
10.0
11.1
11.7
11.7
11.7
10.6
8.9
8.9
8.3
7.2
6.1
6.7
5.0
5.0
4.4
2.8
2.8
2.2
3.9
5.0
7.8
9.4
10.0
10.0
10.6
10.6
10.6
10.6
10.6
10.0
9.4
8.3
7.8
7.2
6.7
5.6
5.6
5.0
5.0
5.0
4.4
3.9
4.4
5.0
5.6
7.2
8.9
9.4
10.0
11.1
11.1
10.6
9.4
8.9
7.8
7.2
7.2
6.7
6.7
6.1
5.6
3.3
3.3
3.3
3.3
3.9
2.8
6.7
7.2
9.4
10.6
11.7
11.1
11.7
12.2
12.8
12.2
11.1
10.0
8.3
7.8
7.2
7.2
7.2
6.1
5.6
5.6
5.0
4.4
4.4
5.0
5.0
5.6
7.2
7.8
8.3
9.4
5.6
6.7
8.3
8.3
7.2
6.7
7.2
6.7
6.1
5.0
4.4
4.4
5.0
3.9
4.4
4.4
3.9
5.0
6.7
7.2
8.3
9.4
9.4
11.1
10.6
10.6
10.0
10.0
10.0
8.9
8.3
8.9
8.3
7.8
7.2
7.2
6.7
6.7
6.1
6.7
7.2
7.8
8.9
9.4
9.4
10.0
10.6
8.9
9.4
8.9
8.9
9.4
9.4
9.4
9.4
8.9
8.6
8.3
8.0
7.6
7.3
7.0
6.7
7.2
8.3
8.9
11.1
13.9
16.1
18.3
20.6
23.3
23.9
26.1
27.2
26.7
25.6
22.8
22.2
21.1
20.6
18.9
13.3
13.9
13.3
14.4
13.9
11.1
12.2
10.6
11.7
13.3
13.9
15.6
17.2
18.9
18.9
20.6
20.6
19.4
17.8
16.1
15.0
13.9
12.8
11.7
11.1
11.1
11.1
11.1
10.6
10.6
10.6
10.0
10.0
9.4
9.4
8.9
8.9
8.9
8.9
9.4
8.9
8.9
8.9
8.9
8.9
8.3
8.3
8.3
7.8
8.3
7.8
7.8
7.8
7.8
7.8
8.3
8.9
8.9
11.1
11.7
13.3
12.8
15.0
15.0
13.9
12.2
11.7
11.1
10.0
9.4
9.4
9.4
8.9
8.3
9.4
8.9
8.9
8.3
7.8
8.9
9.4
10.0
11.7
14.4
13.9
11.7
11.1
10.0
11.7
11.1
10.0
8.9
8.9
8.9
8.3
7.8
7.2
6.7
7.2
7.2
7.2
7.2
7.2
7.2
8.9
10.6
11.1
12.2
13.3
13.3
13.3
15.6
15.6
12.8
11.7
10.0
10.6
10.0
9.4
9.4
8.9
8.3
8.3
7.2
6.1
6.7
6.7
7.8
9.4
10.6
12.2
12.2
13.9
13.9
13.9
13.9
12.8
12.2
12.2
12.2
10.0
8.3
8.3
8.3
7.2
7.8
7.2
7.2
6.7
6.7
6.7
6.1
7.8
8.9
10.0
10.6
10.0
10.0
10.0
10.0
10.6
10.6
10.0
9.4
7.8
7.2
6.7
5.6
5.6
5.6
5.0
5.0
5.0
5.6
6.1
6.1
8.3
8.9
10.6
11.1
12.2
12.2
14.4
14.4
13.9
15.6
14.4
13.9
12.2
10.6
10.0
10.6
10.6
10.0
10.0
10.6
10.0
8.9
8.3
8.9
8.3
8.9
9.4
9.4
10.0
10.6
11.1
10.6
11.7
10.6
7.8
7.2
6.1
5.6
5.6
5.0
5.0
5.0
5.0
5.0
5.0
5.6
5.6
5.6
5.6
6.1
7.2
7.2
10.0
9.4
10.0
10.6
10.6
10.0
8.3
6.7
6.7
6.7
6.7
6.1
5.6
5.6
4.4
4.4
4.4
3.9
3.3
5.0
6.7
8.9
9.4
10.6
11.7
12.2
12.2
13.3
13.3
12.8
11.7
10.6
10.6
11.1
10.6
9.4
9.4
9.4
8.9
8.9
8.3
7.8
7.2
8.9
10.0
12.2
13.3
15.6
16.1
16.7
17.2
17.8
17.8
18.3
16.7
15.6
14.4
12.2
11.1
11.7
12.2
9.4
8.9
9.4
9.4
9.4
9.4
10.0
10.0
11.7
12.2
14.4
14.4
15.0
15.0
14.4
13.9
12.8
12.2
11.7
11.1
11.1
11.1
10.0
9.4
9.4
8.9
9.4
8.9
8.9
8.9
9.4
10.0
10.0
10.6
11.1
11.7
12.8
12.2
12.8
12.8
12.2
11.7
11.1
10.6
10.0
10.0
9.4
9.4
9.4
9.4
9.4
10.0
9.4
10.0
10.6
10.6
11.1
10.6
11.1
12.2
12.2
12.2
11.1
10.6
10.6
10.6
9.4
8.9
8.9
8.3
7.8
7.2
6.7
6.7
6.1
6.1
6.1
6.1
6.1
5.6
6.7
7.2
8.3
9.4
8.9
8.9
9.4
10.0
9.4
8.3
5.6
5.6
5.6
5.0
4.4
4.4
3.9
3.9
3.3
2.8
3.3
3.3
3.9
4.4
5.0
6.1
8.3
8.9
11.1
11.7
9.4
8.3
7.2
7.2
7.2
6.7
6.7
3.9
3.9
4.4
3.9
3.9
3.3
2.2
1.7
2.2
3.9
5.6
7.2
8.9
10.0
10.0
11.7
12.8
13.3
12.8
12.8
11.1
9.4
8.3
8.3
7.2
5.6
6.7
5.6
4.4
3.9
4.4
3.3
3.9
5.6
8.3
9.4
10.0
11.7
12.2
13.3
14.4
14.4
15.0
15.0
13.9
10.6
10.0
8.3
9.4
8.9
7.8
7.8
7.8
7.2
6.7
6.7
6.7
7.8
9.4
11.7
13.3
15.0
15.6
16.7
16.1
15.6
15.6
13.9
13.3
12.2
11.1
10.0
8.9
8.3
8.3
7.8
7.2
6.7
7.2
6.7
7.2
7.8
8.9
8.9
10.0
10.6
12.2
11.7
12.2
12.2
12.2
11.7
11.7
11.1
10.6
10.6
8.9
10.6
10.0
7.8
7.2
8.3
7.8
7.8
7.8
8.3
9.4
11.7
13.9
14.4
15.6
16.7
17.8
18.3
18.3
17.8
15.6
12.8
10.6
8.9
8.3
7.2
6.7
5.6
5.0
4.4
4.4
3.9
4.4
5.6
7.2
8.3
10.0
11.1
12.8
13.3
13.3
13.9
14.4
13.9
13.3
11.1
8.3
7.8
8.3
7.8
7.2
6.7
7.2
7.2
6.7
4.4
5.0
7.8
8.9
10.0
12.2
13.3
15.0
15.6
16.1
16.1
16.7
15.6
14.4
11.7
10.6
9.4
10.0
10.0
9.4
8.9
7.8
7.2
7.2
7.2
7.2
8.9
11.1
13.9
16.1
18.3
20.0
22.2
23.9
25.0
24.4
24.4
22.8
18.3
18.3
15.6
12.8
13.9
12.8
11.7
13.3
11.1
11.1
8.9
11.7
12.8
16.1
17.8
18.9
21.1
25.0
26.1
26.1
27.2
27.2
26.1
26.1
22.8
19.4
17.2
14.4
14.4
15.0
14.4
12.2
11.7
11.7
11.1
11.1
11.1
12.2
11.7
11.7
12.8
13.9
16.7
18.3
17.8
16.7
16.7
15.6
14.4
13.9
12.2
12.2
11.7
10.6
10.0
10.0
9.4
8.9
8.3
8.9
9.4
11.1
13.3
13.9
15.6
18.3
20.0
21.1
22.2
20.0
21.7
18.3
17.2
15.6
15.0
15.0
13.9
15.0
11.7
12.2
12.2
11.1
11.7
12.2
12.2
12.2
12.2
12.2
12.2
12.8
12.8
12.8
12.2
12.2
12.2
12.8
12.2
9.4
8.9
9.4
9.8
10.3
10.8
11.3
11.7
12.2
12.2
12.2
12.2
12.2
12.2
12.2
13.3
14.4
15.6
15.0
14.4
14.4
14.4
14.4
13.9
13.9
13.3
12.2
11.7
10.6
10.0
8.9
8.9
10.0
10.0
10.6
10.6
11.1
11.7
12.8
15.0
15.0
17.2
16.7
17.8
18.3
17.2
16.7
14.4
12.8
12.2
13.3
12.2
10.6
9.4
10.0
9.4
7.8
8.3
8.9
10.0
12.2
13.3
15.6
18.3
18.3
20.0
20.6
21.1
21.7
21.7
21.1
19.4
18.3
17.2
14.4
12.2
11.1
11.1
10.6
11.1
11.1
10.6
11.7
13.3
15.0
17.2
19.4
20.0
21.1
22.2
23.9
24.4
23.9
23.3
22.8
22.2
19.4
17.8
18.9
16.1
16.7
15.0
13.9
13.9
13.3
12.8
13.9
13.9
15.6
15.6
17.8
18.9
22.2
23.3
24.4
24.4
25.0
22.8
23.3
20.6
18.3
18.9
17.8
16.7
14.4
13.9
15.0
12.2
13.3
12.8
14.4
15.6
17.8
19.4
20.6
21.1
22.8
23.9
23.9
23.9
21.7
20.0
19.4
18.9
17.2
17.2
16.7
16.7
15.6
15.6
13.3
14.4
13.3
13.9
13.3
14.4
17.8
16.1
17.8
19.4
19.4
20.6
21.1
21.7
22.2
21.7
21.1
18.9
16.7
14.4
13.9
13.9
13.3
11.7
10.6
10.0
8.9
9.4
10.0
9.4
11.1
11.7
13.3
13.3
13.3
14.4
16.7
17.8
18.9
19.4
18.3
16.1
14.4
15.0
13.9
12.8
12.2
10.0
10.6
11.1
11.1
11.1
11.1
11.1
11.7
11.7
12.2
12.8
14.4
13.3
12.2
11.7
10.6
11.1
11.7
10.0
10.0
9.4
9.4
10.0
8.9
8.9
8.3
7.8
7.2
7.8
7.8
8.3
8.9
10.6
13.3
14.4
15.0
13.3
13.9
12.8
13.9
12.2
11.7
11.1
10.0
7.8
6.7
6.7
6.7
5.6
5.0
4.4
4.4
5.0
5.6
7.8
9.4
10.0
12.2
13.3
14.4
14.4
16.1
14.4
13.9
13.9
12.2
11.7
10.6
10.6
11.7
9.4
9.4
8.9
8.9
8.3
7.8
7.8
7.2
9.4
10.6
12.8
11.7
14.4
15.0
14.4
15.0
16.7
17.2
16.7
16.1
14.4
12.2
10.6
9.4
10.6
10.0
8.9
8.3
8.9
8.3
5.6
7.8
10.6
11.7
13.9
15.6
16.7
17.8
19.4
19.4
20.0
20.6
20.0
17.8
17.2
15.6
13.3
14.4
13.3
12.8
12.2
10.6
11.1
10.0
8.3
10.6
12.2
14.4
16.7
18.9
20.6
21.1
22.2
22.8
23.3
23.3
22.8
22.2
20.0
16.1
17.2
16.7
15.0
14.4
12.8
10.0
11.1
10.0
10.0
11.7
13.3
15.0
17.2
18.9
20.6
22.2
22.8
23.3
23.3
23.9
24.4
21.1
20.0
17.2
13.9
12.8
12.2
11.7
11.7
11.7
11.7
11.7
11.7
11.7
11.7
12.2
12.8
13.9
15.0
16.1
17.8
17.2
17.2
15.0
14.4
13.9
12.8
12.2
11.7
11.1
10.6
10.6
10.6
10.0
10.0
9.4
8.9
8.9
8.9
9.4
10.6
11.1
11.7
10.6
10.0
9.4
9.4
9.4
10.0
9.4
7.8
7.2
6.7
7.2
6.1
6.1
6.1
6.1
6.7
6.7
5.6
5.6
6.1
6.1
7.2
8.3
10.0
11.7
12.2
13.9
12.2
13.3
13.9
12.8
11.1
10.0
8.9
8.9
8.3
8.3
7.8
7.8
7.8
8.3
7.8
8.3
8.3
8.9
10.6
12.8
14.4
13.9
13.9
14.4
13.9
14.4
14.4
13.9
13.3
12.2
11.7
10.6
10.0
8.9
8.9
8.3
7.8
7.8
7.8
8.3
8.9
10.6
12.2
13.9
15.0
16.1
16.7
17.2
17.8
17.8
16.7
17.2
13.9
12.2
10.6
10.0
8.9
8.9
7.2
6.7
6.7
6.7
5.6
7.2
8.3
8.9
10.0
11.7
13.3
12.8
13.9
15.6
16.1
16.1
15.6
15.6
14.4
13.3
12.8
11.7
10.6
10.6
10.6
10.0
10.0
9.4
9.4
10.0
10.6
11.1
12.8
12.8
14.4
15.0
16.1
16.1
15.6
15.6
16.7
15.0
14.4
12.8
12.8
11.7
11.7
10.0
8.9
8.9
8.3
8.3
7.8
8.3
8.9
8.9
10.0
11.7
13.3
11.1
14.4
15.0
13.3
10.6
8.3
8.9
8.9
8.3
7.8
7.2
7.2
7.8
7.8
7.8
7.8
7.8
7.8
7.8
8.9
10.0
11.7
11.7
13.3
13.9
15.0
15.0
15.6
16.1
15.6
12.8
12.2
11.7
10.6
10.6
9.4
8.3
8.9
8.9
8.3
8.3
7.8
8.9
10.6
12.2
13.3
14.4
15.0
15.6
16.1
16.7
16.7
15.0
15.0
14.4
13.3
12.2
11.7
10.6
10.6
10.6
10.0
10.0
10.0
10.0
10.0
10.6
10.6
11.7
11.1
12.8
12.8
13.3
12.2
13.9
13.3
13.3
12.2
12.2
11.7
11.7
11.1
11.1
10.0
9.4
7.8
7.8
7.8
7.8
7.8
7.8
7.8
8.3
9.4
10.0
10.6
12.8
13.9
13.9
14.4
14.4
12.8
12.2
11.1
10.6
10.0
10.0
9.4
8.3
8.3
8.3
8.3
8.3
8.3
8.3
8.3
8.3
10.0
10.0
10.6
10.6
10.6
11.1
11.1
10.6
10.0
10.0
9.4
9.4
9.4
9.4
9.4
9.4
9.4
9.4
9.4
9.4
9.4
10.0
10.0
10.6
10.6
10.6
11.1
13.3
15.0
14.4
15.6
16.1
16.7
16.1
15.6
12.8
11.1
11.1
11.1
10.6
10.6
10.6
10.6
10.6
10.6
10.6
11.1
12.2
13.3
15.0
16.7
16.1
16.7
16.1
17.2
17.2
17.2
17.2
16.7
15.0
13.9
13.9
14.4
12.2
12.8
12.2
11.1
11.7
11.7
12.2
12.8
13.9
16.1
18.3
18.9
20.0
20.6
20.6
22.2
22.2
21.7
20.6
19.4
17.8
16.1
15.1
14.0
13.0
12.0
11.0
9.9
8.9
8.9
10.0
11.1
12.2
13.3
14.4
15.6
16.7
17.2
17.8
18.3
17.2
17.8
17.8
17.2
15.0
13.9
13.9
13.3
12.2
11.7
11.1
10.6
10.0
10.0
11.1
11.7
13.9
15.0
17.2
17.8
19.4
19.4
20.0
20.0
20.0
19.4
20.0
16.7
16.1
13.9
14.4
15.0
14.4
12.8
13.3
12.8
12.2
12.2
11.7
13.3
14.4
15.6
17.2
18.3
20.6
20.6
21.1
20.6
20.6
20.6
19.4
18.3
17.2
16.1
15.6
14.4
14.4
13.9
13.3
12.8
11.7
11.1
11.1
11.7
12.2
13.3
15.6
15.6
15.6
16.1
17.2
17.2
16.7
16.1
15.6
15.0
15.0
14.4
13.3
12.8
12.2
11.7
11.1
11.1
10.6
10.6
11.1
11.7
13.3
13.9
14.4
15.6
16.7
16.7
15.0
13.9
13.3
13.3
13.3
13.3
12.2
11.7
12.2
11.7
11.7
11.7
11.7
11.7
11.1
11.1
11.1
11.7
12.2
13.3
13.9
15.6
13.9
12.2
12.8
15.0
12.2
13.9
10.6
11.7
11.1
10.6
10.6
10.6
10.0
10.0
10.0
10.0
10.0
10.0
10.0
10.6
11.7
12.8
13.3
13.9
15.6
16.1
16.7
16.1
15.0
14.4
15.0
14.4
13.9
13.9
12.8
12.2
11.7
11.1
10.6
10.6
10.6
10.0
11.1
12.2
13.9
14.4
16.1
16.7
17.2
17.8
18.9
20.0
19.4
20.0
18.9
17.8
17.8
16.7
14.4
12.8
12.8
13.3
13.9
11.1
11.1
11.1
12.2
13.9
14.4
16.1
17.8
18.9
20.6
21.7
22.2
22.8
23.3
22.8
22.8
22.2
20.0
16.7
16.7
15.0
13.9
13.9
15.0
14.4
13.9
13.3
13.9
15.6
17.2
18.3
19.4
20.6
22.2
23.3
23.9
23.9
23.3
22.8
22.8
20.0
18.3
18.3
17.8
17.2
16.1
15.0
15.0
13.3
13.3
13.9
15.0
12.8
13.9
15.0
18.3
20.6
21.7
21.7
22.2
22.8
21.7
21.7
21.1
20.6
18.3
15.0
15.0
15.0
15.6
15.6
15.6
15.0
15.0
14.4
14.4
15.6
15.0
16.7
16.7
17.8
17.8
16.7
16.7
16.7
17.2
15.6
15.0
15.6
15.0
15.0
15.0
15.0
12.8
12.2
11.7
11.7
11.7
11.7
11.7
11.7
11.7
12.2
10.0
11.1
12.2
13.9
11.1
12.8
13.9
13.9
11.1
10.6
10.6
10.0
10.0
10.0
10.0
10.0
10.6
10.0
10.0
10.0
10.0
10.6
11.1
12.8
12.8
12.8
12.2
13.3
15.0
14.4
14.4
14.4
14.4
13.3
12.2
11.1
10.6
10.0
10.0
9.4
8.9
8.3
8.3
8.9
9.4
10.6
11.7
13.3
13.9
15.0
16.1
17.2
17.2
18.3
18.3
16.1
15.6
15.6
15.0
15.0
13.9
12.8
12.2
11.7
11.7
11.1
11.1
11.7
11.7
11.7
12.8
13.9
15.0
16.7
17.8
18.3
18.9
20.0
19.4
18.9
19.4
18.3
17.2
15.6
13.3
12.8
12.2
13.3
11.7
10.6
10.6
10.6
11.7
13.3
14.4
15.6
16.7
17.8
19.4
20.0
21.1
21.1
21.7
22.2
20.6
16.7
13.3
13.3
12.8
12.2
11.7
11.7
11.7
11.7
11.1
10.6
10.6
11.1
12.2
14.4
15.0
16.1
17.2
17.8
18.3
18.9
18.3
17.2
16.7
16.1
15.0
13.9
13.3
12.8
12.2
11.7
11.7
11.1
10.6
11.1
11.7
12.8
13.9
15.6
17.2
18.3
19.4
20.6
21.1
20.6
20.6
20.6
19.4
18.3
17.2
16.1
16.7
15.6
15.6
13.3
13.9
13.9
13.3
13.9
14.4
15.6
17.2
18.3
20.0
21.7
22.2
23.3
23.3
23.9
24.4
25.0
24.4
23.3
21.1
19.4
17.8
17.8
16.7
15.0
13.9
13.3
12.8
12.8
13.3
12.8
14.4
16.1
17.8
18.9
20.6
21.7
23.3
24.4
25.0
23.3
23.3
22.8
19.4
17.8
15.6
14.4
13.9
13.3
12.8
12.2
11.7
11.1
11.7
11.7
12.2
14.4
16.1
17.8
20.6
21.1
22.8
23.3
24.4
24.4
23.9
23.3
20.0
17.8
15.6
14.4
13.9
14.4
13.9
14.4
14.4
13.9
13.3
13.9
13.9
13.9
13.9
15.0
15.6
16.1
17.2
16.7
17.8
17.8
17.2
16.7
16.1
14.4
13.9
13.3
13.3
13.3
12.8
12.8
12.8
12.8
12.8
13.3
15.0
14.4
15.6
17.8
18.3
18.3
18.9
18.9
20.0
19.4
18.9
17.8
16.7
15.0
13.3
13.3
13.9
13.9
12.8
11.1
11.7
11.1
11.7
13.9
15.6
16.7
17.8
19.4
19.4
21.1
21.1
21.7
21.7
21.7
21.7
20.0
17.2
16.7
16.1
15.0
14.4
13.3
13.3
12.8
12.8
12.8
12.8
13.3
13.9
14.4
16.7
18.3
18.9
21.1
20.6
20.6
20.6
20.0
20.0
19.4
18.9
16.1
14.4
15.0
15.6
15.6
14.4
13.9
13.3
13.3
13.9
14.4
16.1
17.8
20.0
21.1
21.1
22.8
23.9
24.4
25.0
23.9
23.3
21.7
19.4
17.8
17.8
16.7
16.1
15.0
14.4
13.9
13.3
13.3
14.4
16.1
17.8
18.9
21.1
21.7
22.8
24.4
25.0
26.1
26.1
26.7
25.6
24.4
21.7
16.7
18.3
15.0
13.9
13.3
12.8
12.8
13.3
12.8
12.8
12.2
12.2
13.3
13.9
14.4
15.0
16.7
16.7
17.2
17.8
17.8
17.2
17.2
16.7
16.1
16.1
15.6
15.0
15.0
14.4
13.9
13.3
13.3
13.3
13.9
15.0
16.1
17.8
18.3
18.9
18.9
19.4
20.6
20.6
20.6
20.6
19.4
17.8
16.7
16.3
15.9
15.5
15.1
14.7
14.3
13.9
13.3
15.0
15.0
15.0
15.6
15.6
14.4
15.6
21.1
20.0
20.0
17.8
17.2
16.7
16.1
15.6
15.0
14.4
13.3
12.8
12.8
12.2
12.2
12.2
12.2
12.2
12.8
14.4
15.0
17.2
17.2
18.9
18.9
20.0
19.4
19.4
16.7
16.7
16.7
16.1
14.4
14.4
14.4
13.9
12.8
12.2
11.7
11.1
11.7
11.7
12.8
13.3
14.4
14.4
16.1
16.1
18.3
20.0
16.7
15.0
17.2
16.1
15.6
15.0
13.3
13.3
12.8
12.8
12.8
12.2
11.7
11.7
11.1
11.7
11.7
12.8
13.9
15.0
18.9
18.9
20.0
18.3
17.2
16.1
17.8
13.9
15.0
13.9
12.2
12.2
12.2
12.2
11.7
11.1
11.1
11.1
11.7
12.2
14.4
15.0
15.6
17.2
17.8
18.3
20.0
16.7
18.3
18.3
18.3
16.7
16.7
15.6
15.0
15.0
14.4
14.4
12.2
12.2
11.7
11.7
11.7
12.8
12.8
16.1
16.1
15.6
18.3
18.9
20.6
20.6
21.7
22.8
21.7
21.1
19.4
18.3
16.1
15.6
15.6
15.0
14.4
13.9
12.8
12.2
11.1
13.3
14.4
16.7
17.8
20.0
23.3
23.3
24.4
25.6
26.7
27.2
26.1
24.4
22.2
20.6
20.0
17.8
16.7
15.0
13.9
13.9
15.0
13.3
13.3
12.8
15.6
16.7
17.2
18.9
21.1
21.7
21.7
22.2
21.7
21.1
20.6
20.0
18.3
16.7
15.6
15.0
15.0
14.4
13.9
13.3
13.3
13.3
13.3
13.3
13.9
14.4
14.4
13.9
15.0
15.6
13.9
17.8
20.6
19.4
18.3
18.3
18.3
17.8
16.7
16.7
16.1
15.6
15.0
15.6
13.9
13.3
13.3
12.8
13.3
13.9
15.0
17.8
18.3
20.0
20.0
21.1
21.1
21.1
20.6
21.1
20.0
18.9
17.8
16.7
16.1
15.6
15.6
15.0
15.0
15.0
15.0
14.4
14.4
15.0
15.6
17.2
20.0
19.4
19.4
20.6
21.7
22.8
20.6
19.4
17.8
15.0
15.0
15.0
13.9
13.9
13.9
13.9
13.3
13.3
12.8
12.8
12.8
12.8
12.8
12.8
13.9
14.4
15.6
18.3
18.3
18.9
18.9
17.8
16.7
16.1
17.2
16.1
15.6
15.0
13.3
12.8
13.3
13.3
12.8
12.8
13.9
15.0
16.1
17.2
18.9
20.0
21.1
21.7
22.2
22.2
21.7
21.1
20.6
18.9
16.7
15.0
13.9
15.0
13.9
13.9
12.8
13.3
13.3
14.4
14.4
15.0
16.1
17.2
17.8
20.6
20.6
22.2
23.3
24.4
24.4
23.9
23.3
20.6
20.0
18.3
17.8
16.7
16.1
15.0
15.0
14.4
13.9
14.4
14.4
15.6
16.7
17.8
18.3
19.4
20.6
21.7
22.2
22.8
23.3
22.8
21.7
18.9
18.3
17.2
15.6
15.6
13.9
12.2
13.3
13.3
13.3
13.3
13.3
14.4
15.0
16.1
16.7
17.8
18.9
18.9
17.8
17.8
17.8
16.7
16.1
16.1
16.1
16.1
16.1
16.1
16.1
15.0
15.0
14.4
13.9
14.4
15.0
15.6
16.7
17.8
17.8
17.8
18.9
20.6
19.4
20.0
17.8
17.2
16.1
16.1
15.0
14.4
13.3
13.3
12.8
12.8
12.2
12.2
12.8
12.8
15.0
16.1
16.7
18.9
18.9
19.4
20.0
22.2
22.2
21.7
20.6
20.0
19.4
17.8
16.1
16.1
15.6
15.0
14.4
14.4
14.4
13.9
11.1
13.9
15.0
15.6
17.8
18.3
20.6
21.7
22.8
23.3
24.4
24.4
23.3
22.8
21.7
18.3
17.2
16.7
16.1
16.1
15.6
15.6
15.6
13.9
13.3
13.9
17.2
17.2
18.3
18.9
21.7
23.9
26.1
26.7
26.7
27.8
27.8
25.6
22.8
18.9
17.8
16.1
15.6
14.4
13.9
13.3
13.9
13.3
13.3
13.9
15.0
15.6
17.8
18.3
19.4
20.6
21.7
21.1
22.2
23.3
23.3
22.8
22.2
18.3
17.2
16.7
16.1
15.6
15.0
14.4
13.9
13.9
13.3
14.4
16.1
17.8
18.9
20.6
21.7
23.3
22.2
24.4
25.6
26.1
25.0
23.9
21.1
18.3
18.3
17.2
16.7
16.1
15.6
14.4
13.9
12.8
12.2
13.9
16.1
17.8
18.9
21.1
22.8
24.4
26.1
27.8
27.2
27.8
26.7
26.1
24.4
22.8
21.7
18.9
20.0
19.4
18.3
17.2
16.7
16.7
15.6
17.2
18.9
21.7
23.9
24.4
26.7
26.1
28.3
29.4
30.6
28.9
28.3
28.9
27.8
23.9
22.8
20.6
19.4
16.7
15.6
14.4
14.4
13.9
13.9
13.9
14.4
15.0
16.1
17.8
19.4
20.0
21.7
22.2
22.8
23.9
25.6
22.2
21.1
19.4
17.8
16.1
16.1
14.4
13.9
13.3
13.3
13.9
13.3
13.3
13.9
14.4
15.0
15.6
16.7
18.9
18.9
21.1
22.2
22.8
23.3
23.9
23.3
22.2
21.7
15.6
15.0
15.6
13.9
13.9
13.3
13.3
12.8
13.3
15.0
16.1
17.8
19.4
20.6
22.2
23.3
23.9
25.0
26.1
25.6
25.0
22.8
20.0
18.9
17.8
16.1
15.0
15.0
15.0
15.0
14.4
14.4
15.0
15.6
15.6
18.3
19.4
20.6
22.2
23.3
20.0
20.0
20.0
21.1
20.6
18.9
17.8
16.1
15.0
14.4
13.9
14.4
13.3
13.9
13.9
13.9
13.9
15.6
15.6
16.1
17.2
18.9
20.6
21.1
22.8
23.3
23.3
23.9
21.7
21.1
20.6
21.1
18.9
18.3
17.2
16.7
15.0
15.6
15.0
13.9
13.9
16.7
18.3
20.6
22.2
23.9
26.1
26.1
26.7
27.2
27.8
26.7
26.7
24.4
21.7
21.1
21.1
20.0
19.4
18.9
18.3
18.3
17.2
17.2
17.8
19.4
21.1
22.2
23.3
26.1
26.1
27.2
28.3
28.3
28.9
28.3
26.7
25.0
22.8
21.7
20.3
18.8
17.4
16.0
14.6
13.1
11.7
11.3
11.3
11.4
11.8
12.1
12.6
13.4
14.7
16.1
18.3
20.4
21.8
21.8
19.8
17.5
15.6
15.0
15.2
14.8
13.8
13.8
13.8
13.4
13.1
13.2
13.7
13.5
13.8
13.9
15.0
16.5
17.7
18.9
18.0
18.5
17.7
16.2
14.6
14.4
13.9
13.5
12.9
12.7
12.6
12.1
11.9
11.8
11.7
11.8
11.8
11.9
12.0
12.1
14.1
15.9
17.6
18.2
19.0
19.2
19.8
19.1
18.0
16.0
14.6
14.5
14.7
14.4
14.1
13.9
14.0
13.9
14.0
13.9
13.6
13.0
13.0
13.2
14.4
15.0
17.6
19.7
20.2
19.1
19.6
18.6
17.4
16.0
15.1
14.6
13.8
13.7
13.3
12.8
12.8
13.0
12.7
12.6
13.1
13.5
14.0
15.2
16.5
17.5
19.5
20.3
20.7
21.4
22.0
21.6
20.6
19.1
17.3
16.0
15.2
14.2
13.5
12.9
12.2
11.6
11.4
11.0
11.9
12.0
14.2
15.3
17.1
17.9
19.5
21.7
22.6
23.7
23.8
23.4
23.8
21.8
19.6
19.9
17.9
17.7
16.9
16.3
14.6
14.7
12.6
12.4
12.7
15.4
17.8
20.6
22.2
23.5
25.1
26.2
27.1
27.2
27.7
27.5
26.6
24.7
22.3
22.0
21.7
20.9
20.5
19.2
17.8
15.6
14.0
15.1
16.8
18.0
19.7
22.1
23.6
25.4
26.6
28.3
29.4
30.3
30.0
29.8
28.0
26.0
23.0
24.3
23.4
19.9
17.9
17.9
16.7
15.7
15.0
14.6
16.8
19.4
21.5
22.8
23.8
24.5
25.4
27.4
28.5
28.0
29.4
28.5
28.0
25.3
23.3
23.8
23.1
20.6
20.6
19.1
16.7
18.4
18.0
17.4
17.0
19.6
21.0
22.5
23.2
24.3
26.1
27.2
29.4
30.2
31.2
31.8
30.7
29.9
25.6
23.0
22.5
18.4
16.4
16.1
15.8
13.9
12.5
13.2
13.8
14.6
15.7
16.9
18.4
18.8
20.4
21.2
21.5
21.8
22.3
21.7
21.1
19.8
18.2
16.2
15.7
16.6
16.6
16.4
14.5
13.6
13.2
14.2
14.9
16.3
17.9
19.2
20.9
22.5
23.6
24.4
25.1
25.7
25.1
24.6
23.3
21.5
19.9
20.3
19.7
19.2
18.4
17.2
16.8
16.5
16.2
15.6
15.5
17.9
19.5
20.9
22.7
24.9
26.1
26.5
27.2
28.1
28.2
27.5
26.4
24.3
22.9
23.2
23.1
22.0
20.3
20.5
17.1
16.5
15.1
15.4
15.2
16.8
17.9
19.0
21.1
22.8
25.0
25.7
26.4
27.0
27.5
26.8
25.2
24.0
22.8
19.9
18.3
18.0
17.5
17.5
17.2
13.4
13.0
12.7
14.8
14.3
16.8
17.9
20.5
20.8
22.9
24.0
25.5
25.8
26.2
26.1
25.5
24.3
23.4
21.5
18.3
17.6
16.3
15.5
14.5
14.4
13.8
15.2
15.5
15.5
15.6
17.2
17.7
19.1
19.2
20.3
20.3
19.4
18.9
17.7
17.4
17.0
16.6
16.1
15.0
14.6
14.0
14.1
13.6
13.3
13.3
12.8
12.9
13.2
13.6
14.7
16.3
17.3
17.9
17.9
20.5
20.3
19.9
20.2
18.8
17.5
16.8
16.1
14.8
14.1
13.8
13.8
14.0
12.2
11.5
11.5
11.5
12.3
13.2
14.6
16.8
18.3
19.0
19.4
20.5
20.5
21.2
20.7
19.8
17.7
16.4
15.0
15.8
14.9
14.5
14.1
13.7
13.2
13.1
12.2
12.1
13.6
14.9
16.0
16.9
18.0
19.0
20.1
19.7
20.7
19.6
20.0
19.0
17.6
16.9
15.1
14.6
14.4
14.5
14.4
14.1
14.1
13.9
14.1
14.0
14.1
14.3
14.8
16.0
17.1
19.0
19.2
21.0
20.0
19.2
20.1
19.0
18.0
17.0
17.0
17.2
16.4
15.6
13.6
14.2
12.5
11.7
11.0
12.2
13.7
15.2
17.2
18.4
20.8
22.7
23.2
23.8
24.8
23.5
23.3
22.3
19.3
17.3
15.8
15.9
15.7
14.4
14.8
14.0
12.3
11.5
13.0
13.1
14.6
16.3
18.9
21.1
22.1
23.4
25.0
26.2
26.7
27.0
26.4
24.4
21.4
20.3
19.1
20.1
19.3
18.0
14.8
17.1
16.3
14.5
15.1
14.3
16.6
18.9
21.2
22.4
24.7
25.8
27.3
28.3
29.0
28.7
27.8
26.0
23.6
22.3
21.6
21.2
20.2
20.0
18.5
17.4
17.5
16.7
15.0
15.6
17.4
20.2
21.9
23.8
25.5
26.6
28.9
29.1
29.6
29.7
29.8
28.4
24.6
23.6
23.7
21.9
20.2
20.0
20.0
19.6
18.6
18.2
17.4
18.2
18.8
19.7
20.5
23.1
23.7
24.4
25.7
27.4
26.4
26.8
26.8
24.8
23.5
22.6
21.6
20.9
19.1
18.3
16.7
15.9
16.4
15.2
14.7
14.9
16.4
16.3
17.4
18.3
19.2
22.2
22.2
20.5
20.2
21.1
21.6
20.7
18.9
18.1
16.5
14.9
14.8
14.7
14.6
14.5
14.8
14.9
14.6
15.0
15.7
15.9
16.1
17.2
17.4
17.5
18.8
19.3
18.4
18.5
18.7
18.4
17.7
17.0
16.8
16.2
16.2
16.2
16.3
16.1
16.2
15.7
14.8
15.0
16.8
18.8
19.4
20.9
21.9
22.9
23.7
23.0
24.5
24.1
24.0
23.9
23.7
22.0
20.2
19.2
17.7
18.3
17.8
18.8
17.1
15.5
15.2
15.3
18.0
20.5
22.8
25.6
26.8
28.4
28.9
29.7
30.9
31.5
30.7
30.8
27.2
24.0
21.7
19.9
19.2
18.1
17.8
17.4
17.4
17.2
17.0
17.2
16.3
17.4
19.2
20.0
20.7
21.2
23.4
24.0
24.0
22.7
22.3
20.0
18.6
17.9
17.4
17.0
16.5
16.4
15.4
16.0
15.8
15.4
15.2
15.0
14.0
14.5
15.7
15.8
17.1
18.3
19.0
19.5
21.3
21.6
21.5
20.3
19.1
18.1
16.6
16.5
16.5
16.4
16.3
16.2
16.2
16.1
15.6
15.0
15.0
16.1
16.7
17.2
15.0
15.0
16.7
17.8
18.9
18.9
17.8
17.8
16.7
16.1
15.6
15.0
15.0
14.4
13.9
13.9
13.3
13.3
12.2
12.8
12.8
13.9
15.6
16.7
17.2
18.9
18.9
20.0
19.4
20.6
20.0
19.4
17.8
17.2
16.7
16.1
15.0
14.4
14.4
14.4
14.4
14.4
13.9
12.8
13.3
13.9
15.0
15.6
16.1
16.7
16.7
17.2
17.8
18.9
18.9
17.8
16.7
15.6
15.0
14.4
13.9
13.9
13.9
13.9
13.3
13.3
12.8
12.8
13.9
15.6
16.7
16.7
16.1
17.2
17.2
17.2
17.2
17.8
17.2
16.7
16.1
14.4
14.4
13.3
13.3
12.8
12.8
12.8
11.7
11.7
10.6
11.1
10.6
12.2
12.8
13.3
13.3
14.4
16.1
16.7
16.7
17.2
17.2
16.1
15.0
14.4
14.4
13.3
12.2
11.7
10.6
10.6
10.6
10.0
9.4
10.6
11.1
11.7
12.2
13.3
14.4
13.9
14.4
15.0
16.1
15.6
15.6
15.0
14.4
13.9
14.4
13.9
13.9
13.9
13.9
13.9
12.8
12.2
12.2
12.2
12.8
13.9
14.4
14.4
17.2
17.8
17.8
18.9
18.9
19.4
18.9
17.2
15.6
15.6
15.6
15.0
14.4
13.3
13.3
12.8
11.7
11.1
10.0
11.1
12.8
13.9
16.1
17.2
17.8
18.9
20.0
21.1
22.8
22.8
23.3
20.0
17.2
16.7
16.7
16.1
15.0
15.0
14.4
13.3
12.8
12.8
12.2
11.7
13.3
15.6
16.7
17.2
18.9
20.0
20.6
21.1
21.7
21.1
20.6
19.4
17.2
16.7
16.1
15.0
14.4
13.9
13.9
12.8
11.7
11.1
11.7
10.6
12.2
14.4
16.1
17.2
18.9
19.4
20.6
22.2
22.8
22.2
22.2
20.6
19.4
18.3
17.2
17.2
16.1
14.4
13.9
13.9
13.3
13.3
12.2
11.7
13.9
15.0
16.7
18.9
20.0
21.1
21.7
22.8
23.3
23.3
22.2
21.1
18.3
18.3
17.8
17.2
15.6
14.4
14.4
15.0
12.8
12.2
12.2
11.7
13.9
16.1
18.3
20.6
21.7
22.2
22.8
24.4
24.4
24.4
23.3
21.7
20.0
19.4
19.4
18.3
17.2
17.8
15.0
16.1
12.8
12.8
12.8
12.8
14.4
16.1
18.3
18.3
19.4
20.0
21.1
22.8
23.3
23.9
23.9
22.8
20.6
18.9
18.3
18.3
17.8
17.8
16.7
15.0
13.9
13.9
12.8
11.7
13.9
15.6
17.2
18.3
20.0
21.1
22.8
23.9
23.9
24.4
25.0
21.7
20.6
18.9
18.3
17.2
16.7
16.1
15.0
14.4
12.8
11.7
11.7
11.1
13.3
13.9
15.6
18.9
18.3
21.1
21.7
21.7
22.8
23.9
22.8
21.7
21.1
18.3
16.1
14.4
13.9
13.3
12.2
12.2
11.7
11.1
11.1
10.6
10.6
11.1
11.1
11.7
11.7
12.2
12.8
13.3
13.9
13.9
14.4
12.8
12.2
12.2
12.8
12.8
12.8
12.8
12.8
12.2
12.2
11.7
11.7
11.1
11.1
11.1
11.7
11.7
11.7
12.8
12.8
12.8
13.3
13.3
13.3
13.3
13.3
13.9
13.3
12.8
12.8
12.8
12.8
12.8
12.8
13.3
12.2
12.2
12.8
12.8
13.3
12.8
13.3
15.6
15.6
15.6
16.1
16.1
16.1
15.6
16.1
15.6
13.3
13.3
12.8
11.7
12.2
12.2
12.2
12.2
12.2
12.2
12.2
12.2
13.3
15.0
15.0
16.1
16.7
17.2
18.3
17.2
17.2
15.6
14.4
13.3
12.8
12.2
12.2
11.7
11.1
10.6
10.0
10.0
9.4
9.4
10.6
11.1
13.3
15.6
15.6
16.7
17.2
17.8
18.3
18.9
17.8
15.0
15.6
16.1
13.3
12.8
12.8
13.3
13.3
13.3
13.3
13.3
12.2
12.2
12.2
12.8
12.8
13.9
14.4
15.6
15.6
17.2
17.2
17.8
17.2
16.1
16.7
16.7
16.1
16.1
15.0
14.4
13.9
12.8
12.8
12.2
12.8
12.2
12.2
12.8
13.9
16.7
18.3
20.0
21.1
22.8
23.3
25.0
23.3
20.6
19.4
17.2
15.6
16.7
15.6
15.0
14.4
15.0
13.9
13.3
12.8
13.3
12.2
13.9
16.1
18.9
18.9
20.0
22.2
23.3
23.3
23.3
22.2
20.6
19.4
19.4
17.8
16.7
15.0
16.1
13.3
12.8
12.2
12.8
12.2
12.8
12.8
13.3
13.3
13.3
13.3
15.0
14.4
15.0
16.1
16.7
16.7
14.4
13.3
13.3
12.8
13.3
13.3
13.3
12.8
13.3
13.3
13.3
13.3
13.3
13.3
13.9
13.9
14.4
13.9
15.0
15.6
15.0
14.4
13.9
13.9
13.9
13.3
13.3
13.9
13.9
13.9
13.9
13.9
13.3
13.3
13.3
13.3
13.3
13.3
12.8
13.9
13.3
13.9
15.0
15.6
11.7
11.7
13.3
13.3
12.2
11.7
11.1
10.6
10.6
10.0
10.0
8.9
8.3
8.3
7.2
7.2
8.3
8.9
8.9
10.0
10.6
12.2
12.2
13.3
12.8
13.3
13.3
13.9
12.8
11.7
10.6
10.0
10.0
10.0
9.4
10.0
9.4
8.3
8.9
8.3
8.3
8.9
10.0
11.7
12.8
15.0
16.7
17.2
17.2
18.3
18.3
17.2
16.1
15.0
13.9
13.3
12.8
11.1
10.6
11.1
10.0
10.0
10.6
11.7
10.6
11.1
12.2
13.3
14.4
16.1
16.7
18.9
20.6
20.0
21.1
20.6
18.3
17.2
14.4
14.4
13.9
12.8
12.8
12.2
11.7
11.7
11.1
11.1
11.7
11.7
12.2
12.2
12.8
13.3
13.9
15.0
16.7
17.8
17.2
16.7
15.0
14.4
14.4
13.3
13.6
14.0
14.3
14.6
14.9
15.3
15.6
15.6
15.6
15.6
15.6
16.1
16.1
16.7
17.2
16.7
17.2
16.7
16.7
16.7
15.6
15.0
12.8
13.3
12.8
12.2
12.2
11.1
10.0
10.0
9.4
9.4
9.4
9.4
10.6
11.1
12.2
13.9
15.0
16.1
16.7
17.2
17.2
15.6
14.4
13.9
12.8
12.2
12.2
12.2
11.1
10.0
10.6
10.0
10.0
7.8
9.4
9.4
11.1
12.8
15.0
16.1
17.2
18.3
18.3
18.9
18.3
17.2
16.1
15.6
15.0
14.4
13.3
11.7
12.8
11.7
12.2
12.2
12.2
11.7
10.6
11.1
13.9
15.6
17.2
18.9
20.6
20.6
21.1
21.7
21.1
20.6
17.8
16.1
17.2
13.9
16.1
13.9
13.3
11.1
11.1
10.0
9.4
8.3
8.3
9.4
10.0
11.7
13.9
15.0
16.1
16.1
16.1
16.7
15.0
14.4
13.3
13.9
12.2
11.1
10.0
10.6
11.1
10.6
10.0
11.7
11.1
11.1
11.1
10.6
11.7
12.2
13.3
15.0
15.6
16.7
17.2
17.2
17.8
17.2
15.6
14.4
13.9
12.8
12.2
11.7
11.7
11.1
11.1
11.1
10.6
10.0
9.4
9.4
10.0
11.1
13.9
15.0
16.1
17.2
17.2
18.3
16.7
16.1
13.9
13.3
13.9
12.8
11.1
12.2
10.0
10.0
9.4
9.4
9.4
10.0
9.4
9.4
9.4
10.0
10.6
15.0
17.8
17.8
20.0
19.4
20.0
18.3
16.1
15.0
15.6
12.8
12.8
14.4
12.8
12.2
12.2
11.1
11.1
10.6
11.1
10.6
11.7
13.9
16.1
17.8
17.8
17.2
17.8
17.8
18.3
17.8
16.1
14.4
13.3
12.8
13.3
12.8
12.8
12.8
12.2
12.2
12.2
12.2
12.2
11.7
11.7
11.7
11.7
11.7
13.3
13.3
14.4
15.0
15.0
13.3
11.7
11.1
11.1
11.1
10.0
10.0
9.4
8.3
7.2
7.8
7.8
8.3
7.8
7.8
8.3
9.4
10.0
11.7
12.2
13.3
13.9
14.4
14.4
12.8
11.1
12.8
12.2
10.6
8.3
8.9
8.3
6.7
6.7
7.8
6.7
6.7
7.2
6.1
7.8
8.9
10.6
12.8
12.8
13.9
15.0
15.0
14.4
14.4
12.2
11.1
11.7
8.9
10.0
8.9
6.7
7.2
6.7
6.7
6.1
5.6
6.7
6.1
7.2
7.8
9.4
11.1
11.7
12.2
11.7
11.7
12.2
12.2
11.7
11.1
9.4
9.4
9.4
9.4
9.4
9.4
10.0
10.0
9.4
9.4
8.9
8.9
9.4
10.6
11.7
11.7
12.8
12.8
12.8
11.7
11.1
11.7
10.0
10.0
10.0
10.0
9.4
9.4
9.4
9.4
8.9
8.3
8.3
8.3
8.3
8.3
8.3
8.3
8.9
10.6
11.1
11.1
12.2
12.8
12.8
12.2
11.1
10.0
9.4
10.0
8.9
8.3
6.7
7.8
7.2
7.2
7.2
7.2
6.7
6.1
7.8
9.4
11.7
10.6
12.8
13.3
13.9
13.9
14.4
12.8
11.7
11.7
12.2
10.0
9.4
8.9
8.3
7.8
7.8
7.8
7.8
8.3
8.3
8.3
9.4
10.0
10.0
10.0
11.1
11.7
11.7
10.0
10.0
10.0
10.6
10.0
9.4
10.0
10.0
10.0
10.0
10.0
10.0
9.4
9.4
9.4
9.4
9.4
9.4
10.0
9.4
10.6
11.1
11.7
12.2
12.8
13.3
11.7
10.6
11.1
11.1
10.0
9.4
9.4
9.4
8.9
8.9
8.9
8.3
8.9
8.3
8.3
9.4
10.6
11.1
12.2
13.3
13.3
13.9
13.9
11.7
11.1
11.7
11.1
10.6
10.6
10.6
10.0
10.6
10.6
10.6
11.1
10.6
10.6
10.6
11.1
11.1
12.2
12.8
13.3
13.3
12.8
12.2
12.8
12.2
12.2
12.8
12.8
12.2
12.8
12.2
11.7
11.7
11.1
10.6
10.6
10.6
10.6
10.0
10.6
10.6
11.1
11.7
12.2
13.3
13.9
15.0
15.0
13.9
12.8
11.7
11.1
10.6
10.0
9.4
8.9
8.3
8.9
8.9
8.9
8.9
8.9
8.3
7.8
7.8
8.3
9.4
11.1
10.6
11.1
11.7
11.7
12.2
11.7
11.7
10.6
10.0
10.0
9.4
9.4
10.0
10.6
10.6
10.6
10.6
10.6
10.6
9.4
10.0
11.7
12.2
12.2
13.9
13.9
15.6
15.6
15.0
13.3
12.8
12.2
11.7
10.0
10.6
10.0
8.3
8.9
6.7
7.8
6.1
7.8
6.1
7.2
7.2
7.8
10.0
13.3
14.4
16.1
16.7
17.2
17.2
15.6
15.0
15.0
13.9
13.9
13.3
11.7
11.7
11.1
11.1
10.6
10.0
10.0
8.3
7.8
8.9
11.7
12.8
13.9
14.4
13.3
13.9
13.9
15.0
14.4
12.8
12.8
13.3
13.3
14.4
13.9
13.9
13.9
13.9
13.3
12.8
12.2
12.2
11.7
11.7
11.1
10.6
11.7
13.3
13.9
13.3
13.3
13.3
12.8
12.8
12.2
11.7
11.7
11.7
11.7
10.6
10.0
9.4
9.4
8.9
8.9
9.4
9.4
10.0
10.6
10.6
11.1
11.1
11.1
11.7
11.1
9.4
10.0
10.0
10.0
10.0
9.4
8.3
8.3
7.8
8.3
8.3
7.8
7.8
8.3
7.8
7.8
7.8
9.4
10.0
11.1
11.1
11.7
11.7
12.2
12.2
11.1
10.0
9.4
8.9
8.3
7.2
7.2
7.2
7.2
7.2
7.2
7.2
6.7
6.7
6.7
6.7
7.8
8.9
10.0
10.6
11.1
11.7
11.7
11.7
10.9
10.0
8.9
9.4
8.9
7.8
7.8
7.8
6.7
6.7
6.7
7.2
7.2
7.2
7.2
7.2
7.8
8.3
10.0
10.6
11.1
11.1
11.1
10.6
10.0
10.0
9.4
9.4
8.9
8.3
7.8
7.8
7.2
7.2
7.2
7.2
8.3
10.0
11.1
11.7
11.7
12.8
12.2
12.2
11.7
11.7
11.1
9.4
9.4
8.9
8.3
7.2
7.2
7.8
8.5
9.1
9.8
10.4
11.1
11.7
11.7
11.7
12.8
12.2
12.8
13.3
13.3
12.8
13.3
13.3
12.8
13.3
12.8
12.2
11.1
11.1
11.1
10.6
10.6
11.1
11.1
11.1
11.1
10.6
10.6
10.0
9.4
10.6
11.1
11.7
12.8
13.3
14.4
14.4
13.3
13.3
12.2
11.7
12.8
12.8
11.7
11.7
11.1
11.1
11.1
10.6
10.6
10.6
10.6
10.6
11.1
10.6
11.1
11.7
12.2
12.8
12.2
13.3
13.3
13.3
13.9
14.4
14.4
15.0
13.9
13.9
13.9
13.9
13.9
12.8
13.3
13.3
12.8
12.8
12.2
12.8
14.4
16.1
17.8
18.9
20.6
21.1
21.1
20.0
18.9
15.0
15.0
16.7
15.0
13.3
13.3
13.3
12.8
13.3
12.8
12.8
12.8
12.8
12.8
12.8
13.3
13.3
13.9
14.4
16.1
17.2
14.4
15.0
16.1
15.6
13.9
10.6
10.6
10.6
11.1
11.1
10.6
10.6
10.6
10.0
10.6
11.1
12.2
12.2
12.8
13.3
13.3
13.9
11.7
11.7
11.1
11.1
11.7
12.2
12.8
12.8
14.4
15.0
15.6
14.4
12.8
11.7
11.7
11.7
11.7
12.2
11.7
11.7
11.7
11.7
12.2
11.1
11.7
12.8
12.8
10.6
10.0
11.1
10.6
10.6
10.6
10.6
10.6
10.6
10.6
10.6
10.6
11.1
10.6
10.0
10.6
10.6
10.6
11.1
11.7
12.2
8.9
10.0
9.4
10.0
9.4
9.4
8.9
8.9
8.9
8.9
8.3
7.8
8.3
7.2
7.8
7.2
6.7
7.2
6.7
6.7
7.2
7.8
8.3
8.3
10.0
7.8
8.3
8.3
7.8
7.8
7.2
6.7
6.7
6.1
5.6
4.4
5.0
5.0
5.0
3.9
5.0
3.9
3.9
5.0
6.1
6.7
7.8
8.3
8.9
10.0
10.0
8.9
6.7
5.6
5.0
6.1
5.6
4.4
4.4
4.4
3.9
2.8
3.3
2.2
1.1
0.6
0.0
0.0
0.6
1.7
3.3
5.0
6.7
7.8
7.8
6.7
5.0
4.4
3.9
3.3
2.2
2.2
1.1
2.2
2.2
2.8
2.8
1.7
1.1
1.7
2.2
2.8
3.9
3.9
4.4
5.0
5.0
5.6
6.1
5.0
3.3
3.3
3.3
3.3
3.9
3.9
3.9
3.3
2.8
1.7
2.2
1.7
1.1
1.7
1.7
0.6
1.7
1.7
2.8
4.4
7.2
6.7
6.7
6.1
5.6
5.0
3.9
5.6
2.8
3.9
3.3
5.0
5.6
5.6
5.6
5.0
5.0
5.6
5.6
5.0
5.0
5.0
5.0
5.6
5.6
5.6
6.1
6.1
6.1
5.6
5.6
6.1
5.6
5.6
5.6
5.6
5.6
5.6
5.6
5.6
5.6
5.6
6.1
4.4
6.7
7.2
7.8
8.3
9.4
10.0
8.9
7.8
6.1
7.8
7.8
7.8
7.2
7.2
7.2
6.7
6.1
6.1
6.1
6.1
6.1
4.4
3.3
4.4
6.1
6.7
7.8
8.3
7.8
8.3
7.8
7.2
7.2
7.2
6.7
6.1
5.0
5.6
4.4
4.4
4.4
5.6
4.4
5.0
5.0
6.1
7.2
6.7
7.2
8.3
8.3
8.9
10.0
10.0
10.6
10.0
10.0
9.4
9.4
9.4
9.4
9.4
8.3
8.3
7.8
7.8
7.8
8.3
8.3
8.3
8.9
9.4
10.0
10.6
11.1
11.7
11.7
12.8
12.2
11.7
11.7
11.7
12.2
12.2
12.2
12.2
11.1
10.6
10.6
10.0
10.0
9.4
8.9
9.4
9.4
9.4
10.0
10.6
11.1
11.7
12.2
12.2
12.2
11.1
10.6
10.6
10.0
10.6
9.4
8.9
8.3
8.3
8.9
8.3
8.3
7.8
8.3
7.8
7.8
7.8
9.4
9.4
10.0
10.6
11.7
11.1
10.0
10.0
10.6
10.0
10.0
10.0
10.6
10.6
10.0
10.0
10.6
10.6
10.6
11.7
11.7
11.1
11.1
11.1
11.7
11.1
11.1
8.3
7.8
7.8
7.8
7.8
7.2
7.2
6.7
5.6
5.6
4.4
5.0
5.0
4.4
3.3
4.4
4.4
3.9
3.3
2.8
2.8
3.3
3.3
5.0
6.1
6.1
6.7
6.7
6.7
6.1
4.4
5.0
5.6
6.1
6.1
5.6
6.1
5.0
3.3
3.9
5.0
4.4
4.4
4.4
4.4
4.4
5.6
6.1
5.6
6.1
6.1
6.7
6.1
6.1
5.6
5.6
5.6
5.6
5.0
2.8
4.4
4.4
3.9
4.4
3.9
2.8
2.2
1.1
1.7
3.3
5.6
6.1
6.7
6.7
7.2
6.7
6.7
5.6
5.6
6.1
5.0
5.0
5.6
5.6
5.6
6.7
5.6
5.6
5.6
5.6
5.0
5.6
5.6
5.6
6.1
6.7
6.7
7.8
8.9
8.9
8.3
7.2
7.2
7.8
6.1
6.1
6.1
4.4
4.4
3.3
2.8
3.3
3.3
3.9
3.3
3.3
3.9
4.4
5.0
6.1
6.7
6.7
6.7
6.7
6.7
7.2
7.2
7.8
8.9
8.3
8.3
8.3
8.3
8.3
10.6
12.8
13.3
12.2
11.7
11.7
11.7
10.6
10.6
10.0
9.4
9.4
10.0
10.0
9.4
9.4
8.3
8.3
7.8
7.8
7.2
6.7
6.1
6.1
5.6
5.0
5.0
4.4
4.4
3.9
3.9
4.4
4.4
5.0
5.6
6.1
6.1
5.6
5.6
5.6
6.1
5.6
5.0
5.0
6.1
7.8
6.7
10.6
9.4
9.4
8.9
8.3
8.3
7.8
6.7
6.7
6.7
6.7
6.7
6.1
5.6
6.1
5.6
5.0
4.4
4.4
4.4
5.0
5.0
5.0
5.6
5.6
5.6
5.6
5.6
5.6
5.6
5.6
5.0
5.6
4.4
3.9
3.9
4.4
4.4
5.0
4.4
5.0
5.0
4.4
4.4
4.4
4.4
4.4
4.4
4.4
4.4
4.4
4.4
3.3
3.3
4.4
3.9
5.0
5.6
6.7
8.3
8.9
9.4
9.4
7.8
6.7
6.1
6.1
5.6
5.0
5.0
3.9
3.9
3.9
3.9
3.3
4.4
3.3
4.4
6.1
6.1
8.3
10.0
11.1
12.2
12.2
12.2
11.7
10.6
9.4
9.4
8.9
8.9
8.3
7.8
7.8
7.8
7.8
7.8
7.8
8.3
7.2
7.2
7.2
7.8
7.8
8.9
10.6
11.7
12.2
12.2
12.2
11.1
10.0
9.4
8.9
7.8
6.7
6.7
7.2
7.8
8.3
7.2
5.0
6.1
3.9
3.3
2.8
3.3
5.0
8.3
8.3
8.9
8.9
8.9
8.9
8.3
6.7
5.6
5.6
5.0
5.0
5.0
4.1
2.8
3.3
3.2
3.9
3.3
3.1
2.1
3.3
3.9
5.0
6.7
8.3
10.0
10.6
10.6
10.0
6.1
6.1
5.0
5.0
7.2
5.6
5.0
4.4
2.2
3.3
1.1
0.6
2.8
1.1
-0.6
0.0
1.1
0.9
2.2
3.3
3.3
5.1
5.1
5.0
3.3
1.1
1.1
2.9
2.2
0.2
0.7
0.6
0.6
1.1
2.2
3.9
3.3
3.3
3.9
6.1
6.1
6.7
8.3
8.9
7.2
6.1
5.6
5.7
5.2
5.7
5.0
5.0
6.7
6.7
6.1
6.1
6.1
6.1
6.1
5.6
5.0
3.9
4.4
4.4
4.4
4.4
5.0
6.1
6.7
6.1
7.2
6.1
5.7
6.1
5.6
5.0
3.0
3.2
3.3
3.3
3.3
0.6
1.1
1.1
0.6
2.2
0.6
2.2
3.3
4.4
5.6
5.6
5.6
6.1
6.1
5.6
5.6
6.1
5.6
5.0
5.0
5.6
5.6
5.6
5.6
6.1
6.1
6.1
6.1
6.7
6.7
6.7
6.7
6.7
7.8
8.3
8.3
9.4
10.6
10.6
10.0
8.3
7.8
7.2
6.7
5.6
4.4
5.0
5.6
5.0
4.4
3.9
2.8
3.3
5.8
2.2
2.8
3.3
3.9
4.4
5.0
7.2
7.2
5.6
5.6
5.0
3.9
3.9
3.3
2.8
3.3
2.8
3.3
3.9
3.3
2.8
1.7
0.6
0.6
2.2
2.2
2.2
3.3
5.0
5.6
6.1
6.7
8.3
6.7
5.0
3.9
5.6
6.7
4.4
5.0
4.4
3.3
2.2
2.8
2.2
5.0
4.4
2.8
2.8
1.7
5.0
7.8
7.8
9.4
9.5
7.3
6.1
5.6
6.1
7.2
5.0
5.0
6.1
6.7
7.8
7.8
6.1
6.1
5.0
6.7
5.6
6.1
7.2
7.8
9.0
11.0
12.2
13.3
11.1
8.9
8.9
7.8
7.8
7.2
6.7
6.1
5.6
5.6
5.6
5.6
3.9
3.9
6.1
4.4
6.1
6.1
6.7
5.0
7.2
6.1
7.8
8.3
7.2
6.1
5.6
5.6
5.1
5.5
5.5
5.6
5.6
5.6
6.1
7.2
7.8
8.3
9.4
10.0
10.0
10.6
10.6
10.0
10.6
11.7
11.1
11.7
10.0
10.0
8.3
8.3
7.2
7.2
7.2
7.2
7.3
8.3
8.3
7.8
8.3
8.3
7.8
7.8
7.2
7.2
7.8
7.8
7.2
7.2
6.7
7.2
5.0
4.4
4.4
4.4
4.4
5.0
5.6
5.0
4.4
4.4
4.4
4.4
3.9
3.3
3.9
2.2
3.3
3.9
2.8
2.8
2.8
5.0
5.0
6.1
5.6
5.6
5.6
5.0
5.0
4.4
5.0
3.3
4.4
3.9
3.9
3.9
3.9
3.3
3.3
3.3
3.9
3.3
3.3
3.3
3.9
3.9
4.4
4.4
5.0
5.0
5.0
5.6
5.6
5.6
5.6
5.6
5.6
3.9
3.9
2.2
2.2
3.3
2.8
3.9
4.4
6.1
5.6
5.6
6.1
6.1
6.2
6.7
6.7
6.7
6.7
6.1
5.6
5.6
5.6
5.0
5.0
5.0
5.0
3.9
3.3
3.3
3.3
2.8
2.8
1.7
2.2
0.6
1.7
3.9
4.5
5.7
5.6
5.6
5.1
4.4
3.9
2.7
1.8
2.2
1.2
0.0
0.6
0.6
-0.6
0.6
0.0
0.0
0.6
0.6
0.6
0.0
0.6
1.7
3.3
3.9
4.4
5.0
5.0
4.4
3.5
5.0
4.3
4.3
4.8
2.3
1.1
1.7
2.2
3.3
3.3
3.9
3.3
3.9
3.9
3.9
4.4
4.4
5.0
5.0
5.6
6.1
6.7
6.1
5.6
5.6
5.6
5.6
5.6
5.0
5.0
3.9
5.0
4.4
4.4
4.4
5.0
5.0
4.5
3.9
4.3
5.7
6.1
6.3
6.7
6.2
6.1
4.4
2.8
2.8
2.8
1.7
2.2
2.2
1.7
1.7
0.6
1.1
1.1
1.1
1.1
0.0
-0.6
-1.1
0.0
-0.6
1.1
2.2
3.9
4.5
4.4
3.3
2.2
1.7
-1.1
1.1
0.6
0.6
0.0
-0.6
-1.1
-0.6
0.0
-1.1
-0.6
-0.6
-1.7
-1.1
-1.1
0.0
0.1
0.2
0.6
1.2
2.2
2.8
5.6
5.6
5.0
5.0
5.0
5.0
4.4
2.8
3.3
3.9
4.4
5.6
4.4
5.0
4.4
4.4
5.0
5.9
6.7
7.2
7.2
7.3
7.8
7.8
6.7
6.7
6.1
6.1
6.1
6.7
6.7
6.7
5.6
5.6
7.2
8.3
8.9
9.4
9.4
9.4
10.0
10.1
10.1
10.6
10.6
10.6
11.1
11.1
10.6
10.5
10.6
10.6
10.0
10.0
9.3
9.4
9.4
10.0
10.0
10.0
10.0
10.0
9.4
9.4
9.4
9.4
10.0
10.6
11.1
11.1
10.6
10.6
9.4
9.4
9.4
8.9
9.4
8.9
8.9
7.8
7.8
7.2
7.2
6.1
6.1
5.0
5.0
4.4
3.9
5.6
7.8
8.3
8.9
10.0
9.4
8.9
5.6
5.6
4.4
6.7
4.4
4.4
3.9
3.9
5.0
3.9
2.2
2.8
2.2
2.8
2.8
3.3
3.9
3.3
2.8
5.0
6.1
6.7
6.1
6.1
7.2
7.2
8.9
8.3
7.8
7.8
7.2
